265
3882
3809
2001
3982
1001
4751
1872
197
3150
781
3335
714
3827
3295
5560
2310
3690
671
2250
873
4924
1071
2928
197
3947
2940
4069
1214
4147
2879
3059
278
2031
4154
1699
2112
1031
4587
3106
4307
1132
4283
4846
4502
4722
2843
0
3070
3897
3393
859
4214
5498
3248
3383
5352
1103
4921
5297
960
3467
3150
975
4460
5482
761
4326
163
2750
3726
4147
3324
2931
1835
1860
4782
4829
613
354
1474
3420
4474
374
1580
575
2262
1134
293
4711
1664
4510
3889
4707
2195
5577
318
1522
3706
540
1783
3545
4354
2989
4269
1692
1202
5072
897
5558
3738
1226
948
5544
4656
5540
2797
3592
972
3831
5580
3442
4318
3703
5675
3915
2559
5468
1521
5546
5138
3125
2308
1287
239
5154
4350
4206
1802
3656
1201
3112
3000
3230
5236
3063
4554
1480
3894
4998
2029
2940
3277
1956
3173
886
927
3563
2480
2709
1288
538
1047
3695
4070
3077
2070
145
3656
3493
85
976
2069
4205
4315
122
4516
2806
4134
1284
5139
2667
2644
1666
215
675
2437
2575
2779
426
3714
651
1781
1306
400
1460
414
3870
525
5608
1602
2533
5160
4872
4258
1956
4670
1992
4843
1617
52
1364
5690
4195
5046
4844
918
2134
2679
2694
5673
4382
5424
2223
1321
4515
911
2308
5209
2993
1283
4231
90
1953
4552
3863
4718
4301
3862
2339
4288
741
4851
5359
366
1263
2942
4176
1187
1864
3296
1537
1306
1797
2002
3187
5499
3005
3075
3869
4668
162
3638
4475
1809
860
1727
380
1225
3972
2853
3979
1899
4127
1395
3721
5075
1041
4964
2116
2068
2834
4418
1493
1598
2492
697
3954
2345
2498
512
4438
4008
3412
4580
1805
2993
4050
1140
4223
2768
2142
3692
4680
5083
2394
1888
3308
3984
5181
2963
2343
3762
3022
241
3054
1394
5619
1986
1098
2750
4535
4975
3226
4419
5261
697
3783
430
527
3587
3462
5564
4436
4960
5172
3773
4677
4350
4804
4850
4152
2294
4568
3145
1595
591
5262
4974
3687
2726
1311
1510
1848
1216
1972
2360
4065
3097
3723
5296
4396
5219
4741
3245
3262
3232
1302
435
3079
1904
4434
1583
5571
3274
1111
1697
5362
153
2376
529
1951
5049
3718
5496
277
131
5342
1091
2067
3043
1416
2561
5693
2453
5394
4989
4816
1548
1162
3742
3030
3262
2493
4960
2311
2034
3042
337
4741
976
1245
996
4065
1240
3635
4990
4344
4050
2181
5322
5478
906
250
375
1587
1801
214
4907
3993
1245
3464
977
1405
2988
2128
5020
904
1342
4521
5174
1813
252
4548
3465
415
4157
1839
815
4748
1457
2223
3869
5053
3559
1831
5057
765
2892
3014
3816
799
3075
2279
3902
2753
2625
35
2292
3015
1197
5395
2399
227
4304
5314
1184
904
4837
1326
4539
2305
1119
2755
152
4938
3085
3798
628
1234
4455
1944
3380
4211
218
5650
3680
4853
4708
3414
1127
5038
1371
1862
5437
5664
611
3120
1349
4439
1449
5582
3946
5283
2795
4722
3367
4144
4843
2607
5300
585
2667
4423
5001
5518
293
3123
4251
2281
1576
4603
5014
4418
5236
441
330
1916
3175
3530
2399
1037
4017
569
1948
1543
1011
1911
5546
4952
5204
3910
3336
2263
2856
719
4987
3665
4288
651
3907
4049
2007
2027
3267
619
4377
649
3978
2017
1949
5693
4521
2113
4298
3402
4701
5316
1474
4579
3892
3442
3225
3231
928
145
530
758
4587
5038
4151
937
531
701
1239
3015
5543
5391
3821
3043
2939
5263
4834
949
3749
1073
3328
4471
259
1241
2729
4444
3743
224
5208
705
2687
1871
2193
1168
3051
1195
111
488
1788
3172
2316
1060
4917
5505
1009
56
3522
4215
2707
723
2403
885
2283
3019
366
2544
1182
4341
4860
4151
4154
1028
5360
2970
5251
2369
87
344
3709
5681
1850
4870
1514
1254
123
3651
2387
563
216
2557
3112
2790
5261
5098
2114
5449
5353
5619
2423
64
4662
2502
5169
601
1640
974
4712
979
2981
2413
5300
4290
4757
3258
2560
3972
3151
3256
2655
2916
4907
1438
5462
3593
2897
5081
1164
1610
5043
4539
203
837
3052
2457
1980
5083
45
4577
4473
3209
5184
2038
4661
3981
2119
709
2697
1455
5476
4622
2060
5449
4576
1739
2625
3466
1459
534
2951
1009
1640
3900
4475
1524
1040
3202
5051
629
4
1251
2142
1192
2813
4045
4622
5505
161
2361
2566
1592
5117
644
1905
2305
1809
4258
4645
3195
3549
453
3018
1062
4560
1106
2838
2829
2366
1692
2030
1602
4395
3263
5599
184
4798
4770
1568
4776
4450
48
3986
2774
1104
2093
4045
3789
5447
5510
1822
5438
5623
1949
5675
5467
1077
4994
1923
5387
3622
1844
810
5584
3192
2617
181
2373
1514
5424
2647
457
1501
2838
1780
5054
1132
4446
5341
353
2319
5457
2751
282
2227
1484
1635
96
2635
3586
1679
829
606
2242
2650
976
4557
5021
3122
2003
114
2623
4661
4726
1190
4238
2863
3540
4346
300
4830
4879
2242
3743
1797
3874
1859
1885
2573
5382
4708
4404
1637
1433
1937
918
1755
3345
4451
4194
3080
3663
3322
2566
2034
1854
2071
5103
2133
2829
4230
4350
3217
4948
5178
698
1557
4022
5191
3209
1588
4402
4288
628
4364
4277
3951
378
1971
1451
1557
2667
2745
1415
2071
3800
5488
3425
4904
5322
3193
2098
805
4256
575
2131
5465
2294
5149
5250
3794
4155
720
4527
2383
2023
263
1647
3307
1203
4852
4825
720
4564
3951
5603
1728
5205
2136
1105
1477
680
2221
1593
1347
3136
715
2248
1449
1267
5302
2601
2124
5297
3910
3977
2911
4811
66
5571
3824
4657
994
5000
1541
1050
4251
1896
1116
2242
4761
3640
3682
96
3659
2093
4731
1722
1790
4553
1357
5267
4811
125
4006
501
4707
4136
1010
359
2162
3842
3154
1364
921
1627
