302
4732
2935
3206
375
2251
1098
4673
3967
5478
445
3788
4877
143
5359
569
2875
2090
1392
4157
2117
5213
5626
5493
2506
3363
824
5634
2839
4961
4996
3523
338
3357
4043
4217
1761
3881
3063
72
2877
1055
2556
3891
2451
1519
5516
4678
1320
5007
2465
817
5048
2372
3023
3489
2108
4331
4817
426
5564
2887
3094
1306
5400
1277
5605
368
1831
3904
1870
1056
1494
2787
3079
5637
3916
4630
1803
4827
4723
4886
1739
2065
497
4521
4800
5331
4951
1927
1660
5312
2563
4247
1894
1557
1657
3794
1540
428
2188
4369
5166
4395
4906
270
2782
5120
5276
887
5532
1409
3056
4507
870
3675
839
1353
1155
3791
427
1562
459
5352
4207
3805
896
711
3958
2224
1864
1009
2777
3788
1700
2492
3741
3375
1898
1535
2173
3494
2958
1718
2080
1345
122
1274
1123
2301
5624
81
1194
3975
5425
923
678
4588
3124
3564
1240
2255
3680
1838
4828
4758
24
1757
4296
1296
1422
391
564
4870
4451
1803
561
1063
754
5696
2368
2623
1285
2071
4743
2657
4361
1067
2873
454
2512
2790
4750
757
2573
1379
5386
5464
787
3242
5025
25
2219
3418
4637
5195
2278
1891
3875
3413
2561
1644
5060
457
1262
5069
2721
1890
434
4886
1603
38
2061
433
1240
5181
3116
4379
1061
15
1415
4014
4430
1865
5467
3111
3500
4072
5230
4098
1101
4434
27
5398
4494
25
4323
3595
980
5490
5042
4393
1715
3215
2108
1045
1113
5583
1239
4642
4190
1517
3826
990
3425
5411
5155
5202
37
525
5272
2221
501
4111
4896
2036
4600
3626
1125
5579
2397
18
3411
3379
3207
3548
4618
4352
1329
2810
5352
1715
196
2324
5627
1602
3167
3666
2351
2951
2699
1128
428
4862
2754
349
269
5477
1765
1056
4077
1907
3767
645
3575
2507
3526
1093
3617
2450
1046
2055
1332
653
820
5445
1090
3042
3557
4030
644
4307
1387
1513
4890
4046
1739
3515
2658
989
4330
2389
183
3906
4555
901
137
1272
1211
1663
1109
3219
5255
527
4466
3247
5458
324
5545
1025
5083
2063
3511
3393
700
621
2734
4769
4996
567
5683
4715
4839
841
3402
4792
4405
5178
2765
794
2646
4156
484
2809
3030
3611
5078
3290
597
838
1756
394
4659
3454
4030
3567
440
323
4624
2688
1957
3540
2269
3823
3641
3174
1046
3
3751
291
2378
199
2972
4451
196
3504
292
3378
3462
1720
4951
3646
1373
2462
2058
1455
4633
4095
561
1723
2694
4091
5295
3467
3210
2327
390
3291
3534
760
2942
1087
1283
5521
2974
2396
2483
4692
4301
295
3876
3861
4213
5279
3704
1336
3222
4984
391
3797
5194
3838
2478
4156
5133
4867
3798
3407
2554
2449
3327
96
575
2735
3379
3363
2545
4785
341
3478
4292
4621
1773
1236
1049
5394
3808
1373
5100
2849
2951
302
47
2088
4584
4790
3198
3299
52
4293
4259
2435
337
4900
4645
4347
4630
5180
1279
2823
419
2590
5398
3125
4271
5224
5199
1641
4422
3140
840
1132
5426
1670
5654
3728
5032
4127
1524
1963
4603
341
1813
1670
2142
4814
374
5588
5351
4365
1405
2124
944
2069
700
1616
5489
2874
5223
3911
1004
5532
4726
3468
3259
2663
2382
2834
1234
3347
989
4935
5443
2032
5644
4497
4104
2086
1548
1165
5229
5179
3138
626
4915
1423
1740
5140
3859
3102
2419
115
2998
5490
1207
919
3849
701
5511
5319
342
62
4165
4104
4281
1614
2946
2337
4084
2123
2790
3456
1429
4369
5230
2204
1513
3810
1082
3326
4410
1682
2013
3995
2619
4392
1568
3609
4267
360
4721
4222
4710
4771
2053
4622
2793
2459
3579
2081
159
1917
1059
1789
3877
5668
2070
5240
457
1564
5654
1743
3487
274
1186
1353
957
4228
5068
4490
3941
552
5341
2382
981
4030
2939
4098
3407
494
3469
240
546
5539
2611
3254
5473
2915
2090
1811
3281
3982
2314
5409
2462
1023
1639
1023
2120
1734
4336
2157
3638
3636
1613
1639
2404
5695
1886
5668
3794
4760
2248
4788
2752
606
27
4777
3239
1280
5183
1795
1803
2250
2841
4947
987
3404
4134
855
1013
3073
2619
4354
2803
3102
289
2112
4015
3700
2651
598
2040
4782
2596
2750
2202
2798
1997
5147
3396
3091
2766
3737
4757
4245
3911
1944
3326
2538
938
4642
1081
4245
1203
2378
3958
128
4024
5298
4844
2927
5272
4497
905
4028
784
4783
3529
2222
3930
4565
4236
3202
70
2911
2438
1263
3665
4525
2777
1660
2275
660
3669
2625
3726
4000
1228
4901
5026
2085
4551
2581
2022
4190
821
2117
5102
4085
2735
5321
2059
4134
896
4304
5155
2970
2395
222
3477
15
672
4151
5071
5011
4867
2170
2514
4388
1479
5616
294
2194
1692
2548
4683
4022
5206
1132
300
2622
1040
3640
1339
4228
2728
4909
3284
4261
2971
281
4496
2235
1790
2807
421
5512
4127
3048
574
4141
5094
5071
2882
2224
1810
4244
4223
4286
5051
420
2237
3921
2477
327
2883
1181
3024
3928
1271
4967
906
207
4010
2995
2192
4356
1584
4378
4640
2601
3423
3776
3684
3821
1936
1128
3851
3263
4163
5152
2299
5695
261
4335
2273
5139
124
4781
2221
787
484
3703
562
5667
2426
3182
2003
2886
5337
569
3682
257
2140
2954
4167
3416
757
2106
2668
5026
5403
1441
3741
786
3026
4670
157
1462
3995
3557
2080
4142
2163
2128
818
12
612
1750
4400
4967
2587
1189
1735
218
4169
223
3650
3174
1130
2656
2331
4553
1773
2976
3991
4644
4037
4627
1316
3854
2343
2294
5386
1739
4577
4335
2463
3372
939
551
1001
704
1704
1559
1023
91
3292
4787
5167
230
1547
3852
5159
2309
4005
4509
705
2494
1657
596
2499
2387
2472
3188
2320
2294
2838
4659
2705
4557
2778
3095
2268
2590
5058
856
3407
1960
5208
1285
2801
4344
1237
5318
3587
5083
2112
4738
379
3367
3445
1517
944
4937
2873
1342
3017
3704
1575
4561
3018
1571
4548
4365
2099
5062
4546
5156
1251
2707
4859
2179
5570
3712
3481
4683
1554
1225
245
2727
3326
5274
5023
3946
5664
4522
3884
5359
5668
3311
5622
3815
1006
1473
4104
5183
2865
5316
853
3645
4635
3572
2796
5357
1299
2752
2862
4778
4115
767
1377
564
484
3376
3657
2384
257
4391
1973
4613
2295
1430
3208
1210
3505
3110
525
928
4369
1912
98
2208
5621
4242
1388
198
1142
1996
2181
2755
2304
533
2308
1778
3919
4013
4536
2742
4006
2022
3740
4282
5590
1012
3520
3753
4255
2641
1878
1936
218
361
1309
1888
2781
4806
5312
2411
3109
5322
2305
2229
1740
4240
5205
421
1048
2240
5217
841
4638
3728
2070
4452
37
3842
2554
864
1689
5301
1310
977
3210
2057
4213
1010
393
1910
1346
4522
2365
2210
5538
4674
2937
2822
2183
2929
107
3059
2529
1551
5474
2857
4490
3730
244
5479
2479
5282
2755
1158
4364
1433
3784
3902
4860
4918
398
283
3870
4969
4146
650
4089
2846
426
1474
510
3053
4500
681
4182
4915
2316
1925
79
3707
5524
1003
1018
3154
95
4060
1473
5312
5525
1502
3535
3078
1682
4088
4936
5492
1750
1183
2015
1702
2893
2190
1468
781
2535
1801
3487
3315
3604
2667
3544
2876
901
3953
4623
1361
267
1247
3578
1737
3182
4426
1403
5319
2669
3459
1311
3683
444
3234
3213
3322
4203
4725
616
1767
3667
5160
1370
3209
228
966
2675
5021
3237
54
3568
1856
1022
5501
5307
4794
5482
3937
4174
143
5673
4306
1438
1808
38
2382
5032
4279
2109
5098
524
786
392
3508
2368
5116
5263
2369
676
5664
3104
3185
2371
4377
462
2174
3151
4034
299
2410
4932
5626
925
1637
3941
4426
932
1903
2251
3976
4507
5480
3691
1378
2648
5226
4992
3324
624
3458
378
3284
817
5569
5553
3735
1216
835
1511
529
2852
2790
3733
5076
4993
414
666
2924
289
3873
697
2562
5031
4152
3216
261
4263
59
4211
3312
2174
5591
5058
4195
36
953
2172
4631
2452
4110
1522
311
679
1350
4252
1306
208
2753
2399
3940
3430
2783
248
5461
2349
1006
4471
5601
3830
5012
2662
640
2730
457
2236
2071
4945
1453
4008
2987
2773
4729
2442
5221
2423
3246
5137
1132
4068
3274
5382
922
1745
1021
1455
5470
2398
4920
3780
3656
321
2731
656
107
2061
5524
2896
644
183
3890
1913
1736
4722
798
3690
316
644
167
5572
1354
631
595
4165
1867
3694
1747
2164
5457
4829
3297
1423
5473
3748
129
1124
2605
1236
1865
3632
618
720
1155
1005
5255
4017
2833
2374
2982
3068
5114
5506
1642
3233
4660
5371
3070
1866
4699
2787
1442
3342
1127
5239
97
1357
4919
4842
5372
1159
1180
5655
1513
4945
4550
3936
2814
2646
837
1061
2405
3905
331
5017
1725
5453
2740
2077
4383
3324
3029
4632
1529
2967
82
1601
2376
504
3537
2379
5131
1244
4965
2461
2890
3514
589
2503
5676
3829
4280
4552
3399
750
2144
4280
3046
191
1378
3523
5604
1821
1376
2662
61
439
1361
4126
519
3255
850
4244
155
2945
3392
2250
4802
1027
2282
4727
1941
4723
477
4582
300
421
2615
2893
2780
5355
5657
637
4470
1570
5121
3188
3901
3116
1070
1256
4307
1129
2489
2940
4446
5497
5299
318
5108
902
3207
3556
4316
57
2395
4635
4077
2804
5449
3894
1054
4687
2202
1026
3118
1421
3118
2386
5198
2772
921
3015
3527
3170
718
1282
238
2537
4915
5390
2644
5626
3025
109
1819
3216
5392
4352
2668
5690
4664
4317
5458
2955
2397
353
4313
1921
1733
246
1685
5596
3376
2159
1906
239
4724
5134
1851
4048
4810
5136
4358
1245
246
4980
2866
1478
1160
3747
3128
2145
5358
361
5520
1678
2014
4504
2868
2321
176
1976
3781
2787
3483
1096
2038
927
218
4914
3882
1578
32
5108
732
4655
500
1617
5368
2560
322
1595
3409
790
455
2872
4978
4137
1359
5031
3117
3702
3287
2058
3608
3183
4485
2130
1816
2714
3451
5160
4220
493
1826
1203
211
690
4854
3619
1490
3935
3336
3802
4017
108
4690
4864
3726
5246
3900
4312
3158
5590
2677
4365
5311
1729
836
3631
4998
3106
737
3960
1259
4861
4875
4459
4722
4304
5186
4560
1557
5340
4485
335
5243
2544
5155
2140
5010
1298
5700
430
3837
1646
994
4800
1927
3954
3339
2449
3553
4024
4879
5630
153
1031
5119
3529
13
3952
2763
5200
2317
1636
2625
37
2904
486
1647
794
2330
2639
3272
2657
4103
4424
4571
421
4157
4463
4165
4828
5126
2991
4126
1062
2703
5357
663
3553
170
1778
5493
2589
4832
3776
2212
3172
2331
3309
5567
2594
2184
4257
3814
3603
3375
4673
681
45
3678
5316
5368
4069
4355
3946
3523
2438
2991
5479
1283
4565
2898
1523
641
4936
1583
3397
3142
4160
4250
4717
4528
1690
2833
1430
2670
4704
1408
4147
2806
1865
5664
1057
5200
405
3036
4649
3045
3249
1375
4538
348
4611
3533
520
5565
4869
1143
2092
2086
3820
244
1256
448
2282
5432
982
2724
342
846
3613
727
5366
5121
754
4399
5281
861
5099
4635
4258
2857
291
1491
739
472
2575
4886
3560
3286
2938
4287
682
5681
3384
1488
5026
4350
3654
703
5439
976
4873
48
132
858
2092
1515
4836
5247
1362
2350
2574
675
3196
4010
2137
5643
548
0
411
1050
4231
4106
2795
4892
2226
355
4617
1801
3107
1574
223
3371
2025
2763
1823
1057
821
3808
503
4586
184
679
5294
2236
1453
4216
1801
4209
2229
5045
56
5270
143
5181
5597
4032
5363
721
2551
2571
3940
2228
5111
4602
3893
2770
3308
713
5649
4030
384
5373
3566
5202
1530
1125
4822
4008
5662
4544
4916
4388
161
416
3446
456
3182
4959
3299
313
2761
3123
1685
2373
507
4788
440
814
1574
1007
1231
2394
1321
1579
5690
3626
2188
1673
1528
878
5271
4857
396
5229
141
2077
3855
5241
5020
5128
3750
1973
3712
1426
4332
1386
4769
4429
5515
5058
3027
655
4465
481
4855
2646
733
3361
4905
1858
4789
5320
3042
2876
4358
1485
3577
2531
4678
2532
1368
569
1250
4282
2092
2961
1368
4328
1884
3681
3469
467
5420
3835
903
3180
1422
5005
4208
3809
4936
4942
3062
3304
4572
324
5355
1164
2037
5651
2623
3128
4711
3963
88
5192
5105
3053
1083
184
5161
3603
5382
2332
4951
4347
5224
959
5392
2832
2510
955
3903
3551
3787
4040
1616
1581
2698
3098
5551
481
5408
2106
4739
2188
1366
2775
4920
4136
5549
2417
2255
3350
659
5054
3082
1798
22
876
2901
2831
3404
181
180
2975
4520
694
1784
5027
4037
3992
4395
5085
1197
1581
3278
5039
2034
1760
1208
1439
1293
5058
3027
2684
3250
1075
2404
2892
4504
45
4447
2499
3156
3422
1099
1370
2541
4519
3054
4574
4201
5373
1078
3455
5379
593
3599
4207
93
4669
909
4196
1219
4591
4322
3259
2069
1591
5093
3181
4271
4166
1583
1783
316
1041
3601
2071
5388
4349
5035
2236
2505
2309
1149
1451
4051
1846
2118
1306
2467
4150
4216
5162
4
2902
5055
5107
4128
5055
3817
4130
1667
4780
122
1875
840
3284
200
1675
666
3812
2488
431
2826
4002
2634
3229
4076
867
3569
489
1734
3431
1264
1023
50
3292
3615
546
3273
1110
3481
3351
4881
4967
3885
4480
528
3660
4848
2830
455
3766
1338
4220
3703
4409
5093
3636
175
5426
831
1401
867
4605
2742
4665
1138
5133
482
3534
3906
2017
3012
4829
1038
901
4664
4881
3794
110
860
3984
5180
3912
4750
1487
1973
4038
5463
2167
4707
1399
4533
2882
4361
919
873
2804
705
498
614
1993
2223
1765
2521
1709
997
1735
4156
2996
1282
3588
2478
2496
1334
368
207
3996
3307
1793
2744
5403
100
4714
108
5131
61
5290
3154
4629
1980
4853
1728
1630
3245
4611
4731
4677
2853
2956
77
2945
3838
983
253
4750
2002
5509
5361
891
4826
5123
540
4995
883
3010
230
2717
2584
2206
4767
1582
5545
2170
2702
4850
5620
163
4245
3111
2549
1678
1495
2754
788
415
2555
4485
3344
2352
4911
1272
5585
125
2917
1050
1425
4953
1449
4346
2881
4053
3450
5568
3704
2005
1703
2084
3549
1970
3516
1590
1442
4671
987
2048
2184
4243
1902
3095
114
1599
2490
738
948
3297
2251
1681
1987
2741
2408
3766
2284
1554
428
1281
799
2241
3008
4073
2810
4663
1048
3738
627
2772
1610
5454
3759
2417
3663
3463
3420
2060
823
4841
5236
252
111
351
4022
521
3072
48
3957
986
4092
2503
5229
5016
99
4894
5133
3191
1429
5354
5082
1503
3721
3977
957
4653
519
2607
1016
4532
1568
116
4022
4644
929
5464
3749
1844
4183
3649
1380
1914
4253
3440
2812
2623
5543
1027
1987
5529
2994
2907
66
1339
3060
1525
4141
2100
4513
3738
4270
4279
2067
2766
2301
1660
5629
1166
2966
4562
5124
3526
2722
4241
4223
376
3818
202
1772
1568
3002
3757
4928
2866
2922
648
388
5610
2017
4122
5164
3927
2012
5185
2359
3795
4698
4031
374
3648
5475
5643
2542
4992
2051
1859
1637
4184
1358
206
5040
2657
1327
967
397
3818
53
1725
1676
5055
160
2938
5630
1214
2759
272
136
1410
3855
2054
1602
822
5117
4864
3545
3294
163
2869
5633
2886
2060
5464
4479
1196
1587
1516
1021
1914
151
3004
1305
763
2831
4118
4578
2974
2611
1664
1565
312
5227
4589
4292
4089
4277
5315
5565
3312
5458
1011
3550
3672
1598
1063
1866
4503
5130
1170
5675
3355
191
3851
5258
2689
3243
4694
1188
4729
1612
694
1027
3745
4467
3774
856
35
2847
4687
5348
2700
5263
1737
1151
603
3507
2187
2177
3408
5049
2650
1170
488
460
2907
2293
3433
4136
2252
4350
3043
883
1634
415
5504
7
5494
577
5377
5544
2315
722
796
3650
2934
1882
4874
5512
48
565
4600
1465
1508
4649
3423
728
2437
990
2261
1147
1425
2562
4728
3362
546
548
1245
5693
1171
3255
650
4251
632
735
5487
5147
4490
512
3412
3894
2976
4908
2692
5545
115
4989
4541
1715
5026
3061
704
1109
4352
5057
4542
3195
246
5611
3509
1378
4966
1140
5073
1334
3339
3733
1035
1803
2229
171
2142
5022
3497
1092
1452
2512
2192
291
2009
4034
2783
234
5493
1042
1147
4249
3848
1565
1765
1756
1714
3773
4997
2939
5679
1581
4824
3682
1238
1685
1394
3520
2210
1423
427
2408
3083
1256
1654
1902
5517
1018
4663
4166
4884
1654
4554
10
3354
5105
4907
4884
5026
1492
5488
957
3524
28
333
3235
3242
5005
847
549
3096
2487
4652
4636
10
4879
1026
658
4241
1086
3352
1116
4794
1490
3383
4135
456
3389
5100
1444
776
542
2878
2498
979
622
3238
3951
1953
1850
5128
3565
4475
2028
4808
2684
3428
2118
1950
2081
1501
3579
2036
4928
602
3571
1226
2438
2456
3260
2849
55
3482
1897
1610
3906
3861
2326
620
3043
1363
2015
1327
3000
1373
1254
3996
4747
1851
1053
3687
4967
76
5070
2530
5140
1776
4638
4602
3913
4152
5079
2770
4781
1882
1389
2394
2796
4485
3639
968
4702
4573
761
2652
3709
470
1307
910
1889
2795
4155
1145
1417
367
907
380
2175
1312
4278
4031
4080
2623
5150
636
3481
4054
4025
4717
4704
2772
3354
5120
1816
5480
5654
3092
1108
948
2280
2486
1903
4871
874
1029
2900
4058
1263
4025
1360
5281
3997
3377
2173
3465
1716
3790
2330
3248
17
3494
908
1036
1948
4645
2231
2527
5321
1581
5542
2676
1983
5592
1947
5373
3390
2679
272
5071
4917
223
3362
793
4656
4036
4044
2019
3760
4564
2186
4745
4287
1506
1297
3825
2525
5384
457
4998
5232
4681
5528
2305
5489
5491
4281
269
720
780
4089
5210
4431
4499
3678
2767
5289
4700
2516
1178
2014
5690
1559
4075
1947
4230
4587
3773
5519
551
1279
572
445
5012
4047
3712
2664
5093
1988
4701
3349
4300
603
333
4876
4733
1405
444
1916
1617
1602
5204
2508
1282
336
132
2512
3473
2375
5364
2972
3433
2219
3072
5170
5655
4301
2584
2246
3441
5586
4542
4343
444
1597
3707
707
4920
3816
5125
4852
5060
117
1591
5480
3366
688
1705
2326
2315
3865
4583
2764
2527
3888
5436
314
4986
4592
187
1542
4751
3332
4579
4527
3959
642
819
2740
2064
1538
5697
1935
1536
5259
3280
4605
1395
5378
2562
4227
1398
4149
3393
942
1748
4605
2151
5488
1952
6
489
2426
5670
4856
3304
5179
3764
3629
2885
2143
899
2483
205
551
480
3159
2928
3881
3662
2438
1384
1728
3372
5415
3188
4909
1585
3558
5419
2261
4725
5382
5688
4070
2321
118
1183
347
3131
4864
113
1178
3468
4017
173
3231
5176
4633
2310
1851
3765
2137
5381
388
4294
627
577
4318
3073
4543
169
1408
2475
4321
2353
2807
1157
4766
1988
4973
1431
1144
705
3010
1897
64
587
3036
939
1234
3707
4966
4942
3828
1240
3775
3253
1074
2349
45
4155
5557
4199
2405
2765
4320
2566
4934
3302
155
484
672
2910
4775
4147
471
4016
1791
4795
2300
4819
412
4713
1312
4026
1877
258
344
301
976
4948
4146
1792
20
5560
3992
3164
1512
1817
5263
2081
1033
1544
2656
2189
4219
1473
2630
5075
4224
4123
4451
2870
4966
4662
3058
4486
1873
5528
780
3511
1678
2561
2968
1051
791
1981
2148
3253
3626
2436
2045
4052
1880
4471
1167
3123
4290
2751
3348
1101
2735
4420
2395
4638
2228
5074
4766
2460
5609
838
2433
4824
4202
1576
1481
3718
2273
1266
2357
4333
4444
5060
3976
2628
1104
3569
1953
1420
1132
4599
3275
262
320
3304
104
309
74
5276
1480
349
3881
1803
1284
1136
4889
3896
1114
5019
853
3662
2960
2519
4931
5475
2987
3639
1102
3345
462
2902
2923
121
1540
4109
5008
245
4288
4564
1084
3649
4703
1735
3011
3896
4943
2526
2789
1953
2849
1971
115
1821
3730
4541
2762
4980
3204
4328
2029
1859
602
1441
2177
2248
2681
2110
4151
1415
4136
1730
4129
719
4360
823
4061
2881
2521
5591
1867
275
1455
3906
4003
5134
1560
1134
3380
3753
1658
1477
1124
703
993
4768
1770
4579
285
4170
3082
2958
3607
3737
188
3415
3329
273
4907
3100
3431
3492
4005
323
4885
3883
4038
1894
2415
3375
2008
540
4338
2637
4109
828
244
3413
1842
3147
866
2343
4095
4698
568
1704
4097
4560
5041
5601
4599
1710
1881
5091
1544
3541
3099
54
4743
1589
374
761
2303
4044
2524
2030
3448
3993
675
4065
4582
1866
1315
329
3954
1486
729
4432
2177
4613
2029
3236
4099
5536
3924
732
4982
2934
20
77
3052
302
2003
3944
2544
484
1944
3633
2619
4774
3199
4163
1397
3090
3005
4314
1594
3081
3219
1822
3445
803
1106
338
1356
5597
4005
3088
2745
1891
4019
1794
1195
5065
1470
1850
3236
5084
4810
5094
831
1528
5135
837
3370
4711
2834
399
2767
3282
1622
1074
1377
2898
5120
4208
1256
4709
678
2993
4750
544
1595
5333
3321
3837
2609
2295
1336
2763
4995
1909
3644
3490
3911
2616
3450
5479
4529
2299
1475
4047
5043
1080
4686
2633
742
5686
552
5330
3301
3027
1301
62
2104
5106
1751
1771
3373
5111
155
3584
4078
3436
2863
821
706
3728
4897
2272
2077
4366
3575
2125
2675
3147
2775
4237
5112
440
5639
3667
1133
135
1891
2032
1832
972
895
3868
4848
1197
1008
5405
3228
5524
2164
5251
15
4520
3002
3109
4818
597
4848
4626
2841
1292
5159
334
2064
285
229
4677
4171
728
4111
1747
972
469
4104
464
3527
2349
4359
3921
422
1894
2297
2638
3823
2554
3636
4424
5481
328
3832
2717
4680
5544
5633
4590
5603
5385
1639
3870
1554
2744
5687
2652
5637
3108
3321
3195
4933
3802
908
3945
4448
1636
1113
2165
818
2204
1130
1937
2493
5565
5331
1918
2535
4905
2104
4021
1955
3537
1498
5513
4507
4750
501
1801
1615
180
3014
620
5242
1488
4767
5180
803
4911
4671
4776
2791
1329
4242
3170
2523
2344
259
3586
4510
3716
1088
895
3079
3753
4016
1820
5238
1084
1063
5659
3562
4045
1312
4758
1962
4255
5140
538
5505
1037
4118
1218
5247
2596
4466
5149
5016
4906
1962
2302
5509
4161
3331
3000
4366
1440
5459
3347
4220
3534
5640
4241
2187
5384
3652
2114
761
2704
3200
3822
5290
4461
3611
3393
1704
408
272
2245
4742
361
1614
342
1878
3174
3200
1570
162
2663
5304
1211
4748
385
3283
5680
1463
4982
4461
118
3995
2640
4976
4253
3455
4917
860
712
3162
4566
560
4768
2288
4787
2724
1643
1015
4152
3989
496
3338
2842
2934
4460
3031
108
188
4697
4282
4353
2922
3001
3898
4272
3678
4047
742
2166
142
3228
717
4769
4789
4553
4584
5350
5534
2079
5531
61
1524
4162
2747
507
2140
1501
767
4003
213
4468
2867
1868
4517
3090
1017
876
4832
4268
1169
2236
771
1881
3538
1781
4843
1080
502
4157
2386
3923
3162
3207
3781
197
857
3665
2717
986
4773
5000
2965
4544
2463
2920
2973
1553
1690
1021
4526
1273
3517
43
3540
4146
5194
5551
4110
4793
1512
348
144
1730
5092
4644
4420
2231
1345
2990
1944
529
2910
1121
5365
5606
3324
2584
544
1769
3873
1626
2066
2582
693
1065
916
3109
2041
362
4819
4520
4293
942
1293
4580
1056
4133
2895
177
5227
3959
764
2050
3643
5142
2778
3906
2594
4856
2381
1327
1067
2834
935
2066
1266
2749
1529
865
4408
3066
1526
2835
5204
1538
3069
827
1657
1249
2810
451
3889
1891
385
3868
1204
5300
5494
1495
1380
2356
3959
2472
4003
3335
1010
1787
4303
1521
455
4880
3215
3681
4888
4078
5603
4879
496
1806
1313
237
4103
1105
1304
3874
1676
1238
5372
2222
5542
1758
859
732
3028
3954
5472
5370
3095
5345
5255
4387
2151
4237
2993
4069
63
4450
4038
2654
1025
4637
5001
969
5551
1803
4075
1541
2436
2955
2326
2793
563
2613
2147
1979
5048
4530
545
3010
4214
5516
4720
1713
1867
4111
858
1404
4899
729
1690
1299
1500
5423
375
3875
4486
5453
110
5380
3732
4111
3001
3234
4682
2147
3166
5531
2295
3353
4304
3767
2527
3613
4139
4674
2335
3174
591
4591
5437
5531
4697
2411
2418
855
1283
3137
2460
3085
1330
3388
5442
3599
2269
482
3472
2097
4356
2382
8
3661
1918
4605
4289
1797
3734
1437
4832
459
962
3128
2689
3983
2947
5470
1442
5452
3777
1501
687
4702
4637
70
4210
4980
5609
4248
2968
2892
2481
2139
1553
2356
4524
4753
1210
3454
2517
2493
2559
908
2633
1748
874
4218
787
72
2080
2561
2897
2987
4652
2524
1144
2519
4425
1458
3809
1195
2704
1155
5608
4360
3791
5336
4604
5497
1780
470
3720
4245
3443
1655
335
3201
1027
273
3532
2350
1332
296
918
312
3844
3126
5128
1241
1373
4743
1051
3128
4914
1870
2491
4265
436
2008
622
2999
5098
1577
137
881
5652
1963
2290
1016
554
354
3573
2559
50
2118
3924
3575
4632
3662
2334
595
280
5538
5579
4191
3267
4185
4804
5587
2008
3306
2126
1290
1350
1051
2100
723
3331
3748
2781
2171
4602
3688
4441
669
5552
1719
4690
3574
4364
2569
337
5404
1017
4005
3836
3190
520
457
1414
3725
2572
988
5650
3895
5164
37
3832
4919
2589
4198
5650
3395
3952
3433
4883
876
1573
3315
103
2433
4769
3249
199
107
1119
498
2390
3289
1329
2910
423
1560
1770
5657
4183
3763
4055
4021
30
5206
3826
3966
4602
2154
1071
3009
4474
3618
4208
4578
3997
1098
3582
289
537
5105
2327
3164
4229
2363
2164
2051
3853
5549
3083
2284
603
4920
3927
2902
5105
3617
2860
221
3363
1493
4148
251
3384
2165
2617
2276
5055
4386
5083
1411
3245
1261
4194
2707
1282
4290
167
3068
4696
5671
1278
1810
3041
4790
304
4228
2594
5039
3439
3042
5590
5667
5401
5641
4449
1702
3760
3340
2940
4830
3513
466
5373
2746
4147
5368
4984
639
5611
5549
4825
1758
3640
350
606
5422
2399
3228
3490
4194
2955
4764
802
5455
608
2828
1274
3982
2762
3567
4262
5621
2328
2349
1898
2454
3024
3453
410
1906
2564
163
2150
823
5472
5140
4424
2212
5389
546
3877
1975
5431
3078
1620
5101
1706
4580
1421
1878
365
3229
2012
5021
1880
4532
3777
571
2494
4801
1394
601
5059
5131
3137
1203
5505
1391
928
1060
1037
5260
4761
3851
3392
3308
802
188
5646
3354
4097
849
1799
1596
4135
299
5206
4149
4068
2013
3339
1161
1534
3132
289
625
2875
1998
3572
3240
4990
625
2789
3894
2076
3531
4368
4263
2303
5564
4593
5647
798
1646
1365
4128
2232
1930
1861
1298
3036
2835
3550
3290
5428
376
5399
807
279
2628
705
4661
1024
3184
2092
3673
671
4882
755
3890
4363
4198
18
2789
849
1801
770
3982
2337
2050
2949
5313
3898
3176
834
3590
3799
3377
3743
3572
471
1331
1312
4298
2034
1261
4981
4040
745
2567
2528
3277
3953
5656
4654
1859
1293
2609
1282
4148
1541
406
52
911
3084
1037
2778
3790
5270
3226
581
944
2684
4958
1263
4022
1576
2889
4081
2495
4006
2393
3003
4925
3316
5645
5455
3485
457
1240
826
2422
1080
3655
1313
968
3490
1601
1078
998
5562
160
3809
2539
5467
4307
3582
2308
2718
5668
3594
5065
4952
3919
5355
1882
607
1976
5577
3264
5256
4621
2556
3596
3896
1854
2251
2976
3379
1175
4763
2588
3551
4472
3348
5634
546
2580
4882
5686
2872
363
1486
3127
3664
2988
3235
4333
2650
1070
2383
3452
2588
2295
154
896
5118
1547
5143
1550
5258
3602
4348
1273
5323
4310
5623
1414
1542
5607
4237
1690
2345
576
3278
668
1201
2422
2151
1274
1534
5501
486
1123
4924
4553
2962
4006
853
951
2817
5124
2418
1223
1833
5130
479
2856
1954
3252
1474
3579
4140
327
5461
1738
5626
4104
2347
3463
1741
4349
693
2199
5528
2577
516
3348
5078
260
2080
893
1161
4022
2718
2641
4917
4053
4325
593
2086
3800
1518
3107
3428
533
5338
4404
4595
199
4217
2009
2745
5123
1831
1319
2094
752
676
2617
4881
324
4405
10
1910
5505
3659
1612
3350
2272
1556
4324
4781
1086
424
2743
383
2661
4183
4745
4603
5121
4748
647
4642
1506
5175
3881
3959
2463
1585
3464
4126
3869
968
4675
3249
3354
5094
3119
580
3414
3588
692
2308
4998
1381
4428
3566
2825
2602
2808
5420
4532
1438
4480
5647
2524
2194
3838
5568
4233
3960
727
2748
2419
4592
697
1590
1384
4643
3974
2229
4682
2501
2025
634
3355
2236
2115
210
1296
1618
1279
529
1309
936
3211
2689
691
2182
2461
2239
5627
3783
4780
3367
3972
2027
1603
4100
2395
826
658
5512
5159
488
260
1169
250
357
1801
5212
5236
2986
2386
970
4971
4359
6
3118
2330
2943
1616
4167
3375
5532
640
2307
3985
3724
131
1990
2157
5154
439
5659
1041
4637
4958
2956
5291
1163
1146
4062
5356
4219
3569
2891
3251
4735
4753
4097
3634
2976
5063
1482
3703
1924
35
3043
3282
1545
2793
5153
674
1793
4507
4864
4897
2535
4836
4433
3226
4743
3682
3958
2176
3660
2383
1520
3631
1789
300
1493
3540
4008
2740
2433
3872
2733
3947
2399
1140
1770
717
595
3250
918
3408
3386
4069
5634
3202
4969
5007
4401
1858
340
1855
4155
1861
3582
1453
1949
1784
1250
5510
2629
4859
1902
412
3188
5549
2488
4569
2748
5397
901
5425
2704
4459
1931
4527
1967
5334
4938
5374
5521
624
3147
4575
3258
2440
444
3778
4920
1981
4541
2904
2084
5060
3612
5644
1727
5237
2804
5204
277
4218
4291
2614
2188
918
4808
4999
3326
1340
3012
2367
4336
3187
1356
4205
423
1361
1087
1056
4289
5095
511
3599
3116
901
3142
1047
1151
3186
4891
313
5432
244
3920
5119
790
5039
4611
4401
5495
4122
3449
4409
472
3779
4768
1641
164
4659
4593
2943
5674
1876
2361
1972
2035
3768
1023
4959
3920
538
2951
2099
167
4254
3114
2469
4053
2520
1716
2894
3039
1394
105
3164
4810
4029
3632
3615
5484
2954
3302
1247
830
2229
4084
1589
5482
3374
2924
4128
289
1128
1130
868
752
1785
5103
986
1770
4116
4247
2335
3159
5063
1697
2474
4314
3299
1218
2525
5572
3447
4770
1093
1719
4142
598
1545
5021
4664
4175
780
2858
5028
3936
3338
2206
3699
734
2819
1917
5665
274
756
5664
179
3985
5224
2861
3010
2180
580
381
942
4353
723
7
865
1870
4830
2288
2157
998
1398
2606
51
3656
2299
5359
5512
1068
499
4705
5020
2272
1836
3374
2439
3801
3895
4410
4368
2536
858
3975
4429
914
4041
2624
2827
5327
354
2666
1309
1113
2222
3326
2334
3343
3081
730
2876
1836
521
2481
3734
3218
3280
1238
2688
5619
5000
5088
940
1758
769
167
3107
5209
4453
1177
5411
5000
4133
2256
4132
4657
3005
2163
4923
5444
4773
3837
2899
1553
4266
132
2696
209
3820
3353
3253
572
424
4169
1191
3665
3369
2817
1247
2115
123
5387
3369
5065
278
5113
1242
4393
2640
3837
2788
5565
4619
5300
1824
729
3333
3945
458
3671
1014
5612
2734
783
3748
3311
2013
5483
1861
4100
4790
1351
1271
100
4732
955
3048
115
3207
2394
2580
1420
3173
5174
661
5260
4653
3182
3092
4842
5348
4887
1516
3886
4095
2245
5636
4219
1423
2227
3572
2620
4027
3506
1203
4621
1354
579
563
2331
609
102
4046
1042
1346
3451
3970
201
3646
5492
5096
1922
5156
5267
1545
3369
3330
1601
208
1620
2191
505
653
1591
588
4327
2079
659
3842
5330
501
4894
1921
5248
439
2326
2214
944
232
3426
3274
4128
353
2216
5222
5146
1267
1991
1212
4630
5641
1826
2175
705
2260
47
177
2458
3609
257
1579
869
1494
5494
3057
5547
129
3575
571
4626
2049
1210
3246
2373
2433
835
1437
5348
971
964
3105
2741
3679
561
3715
4467
1804
240
686
4573
2729
3883
759
1668
623
3441
563
288
1595
4448
3304
4099
5260
2995
3309
659
3932
732
2999
1435
733
450
293
3746
2918
863
4328
3723
2674
5310
2729
2578
5096
3452
907
3827
5662
4952
4653
1169
1732
3223
2622
1560
2741
3156
146
2718
2932
2533
1647
3565
1038
1657
1403
3345
760
3489
346
4877
2527
3754
3153
2994
3999
4709
2202
1988
4191
329
474
793
5577
2740
4195
324
1142
4566
3178
4588
4668
908
680
579
1276
492
2720
65
5400
179
5178
4292
5029
3371
2585
4309
3140
1844
4920
1649
1436
2405
3198
4975
4364
2610
744
2192
4269
4697
3871
1532
417
2174
2221
5270
4360
3730
1719
5274
165
236
1780
3653
1495
4621
5188
1783
330
1179
1286
3305
3336
4348
2969
2068
1365
644
2320
3476
1426
4090
891
5329
795
5117
2789
1881
344
3091
2531
482
2490
688
3559
2546
5189
789
1559
2735
4440
1885
5656
549
2676
3328
276
899
286
2403
1974
2596
1509
855
860
5410
573
387
5289
975
2416
4718
5681
2585
4530
743
164
52
3728
1825
4320
1784
2522
2342
4982
3765
4846
2822
1895
2107
5603
3424
885
4475
1430
154
241
1337
2597
480
1870
2562
2940
3446
4048
597
60
4847
1343
4276
4751
3293
5231
4759
4230
4543
4248
5001
3957
5664
508
2140
4869
1585
527
3570
5695
1767
5482
1447
3584
5197
4031
1997
831
1491
4746
2464
5006
732
149
4674
990
5561
673
1063
382
3948
5654
3245
2900
4451
5254
2083
3389
1576
3158
2295
1400
3778
1543
5157
1082
937
2781
1733
2666
590
2248
161
495
5227
2177
5117
4993
1943
270
4599
3107
2280
4106
5225
4281
3012
3687
1009
5283
5364
4046
1778
1859
2247
1341
218
1229
3393
2380
1714
4333
4661
936
1937
4285
4844
4040
258
4807
383
5028
5332
4919
4715
3540
638
2961
348
4877
229
813
1997
2972
4785
4568
1346
2368
3481
3842
815
4161
3920
1253
15
1506
3964
3429
831
4542
1040
3710
1452
1714
105
833
855
2162
478
4846
5170
2333
3206
297
1956
3101
2658
5463
1649
3040
801
3875
5345
3600
4078
3653
4341
3293
5479
4798
3769
762
4097
3231
3985
2023
467
1781
2986
4007
3863
4042
844
2211
540
3616
3022
35
571
3762
2562
2325
24
4361
2345
4850
1604
5693
1003
5490
5699
2892
4533
1668
5512
1924
2560
4071
4428
2825
13
3763
5288
2900
1639
2292
993
104
5591
4369
2112
5154
3214
4344
1102
329
3653
321
1539
3249
3388
5693
1987
2126
502
1525
5506
5385
2951
5174
1138
360
2651
3737
3305
3893
1527
3789
2775
2982
1547
4852
5629
2115
1412
5568
1687
5396
4135
1484
1320
1830
5694
326
4224
4057
4311
3655
3896
2460
1238
4456
3906
1259
2418
1498
2505
1207
841
3443
1494
2624
692
4064
3795
3883
2909
5524
673
4882
1612
1337
4614
4784
4172
1227
573
4966
4540
2540
2662
3975
1657
640
395
5354
4281
5088
5541
1930
3719
775
330
5363
2361
5260
4593
1238
2080
5349
1135
2648
1296
2092
1600
3800
5440
5406
1272
2899
695
1133
984
2661
1806
5369
425
2207
4862
2465
5238
3668
3764
5375
3778
673
5490
2317
914
2318
947
1192
4119
98
3507
468
2204
3682
1543
1894
1893
1436
1811
5539
4381
1457
3371
1683
3230
1390
5220
2574
3160
2306
2867
4428
2146
749
2941
1281
992
4421
565
5351
2723
467
155
4394
4467
4592
4282
3000
1507
5507
332
1996
3429
1056
5060
3120
2824
4122
414
4624
250
120
4861
5587
4040
1576
5160
4946
1783
4840
4868
2809
5594
776
2475
4568
449
2999
1585
3039
492
4808
2226
2458
561
5068
760
943
2914
3192
2577
2824
2150
94
1265
4241
4846
5300
5306
5483
160
4609
3631
3778
3456
1164
2212
5629
1144
4248
1589
785
694
1654
5419
2885
2199
3154
4311
2905
342
386
1936
671
1370
2824
375
567
4254
5196
799
339
4378
2698
573
1534
198
3521
2328
1593
130
1287
3655
3912
5282
346
5447
2477
5160
5483
1739
4711
4039
4770
2416
787
4435
2849
589
3298
1055
1448
4279
3895
1454
395
556
4017
822
718
3398
519
42
1322
156
4432
3789
1233
3109
5652
5150
2696
3917
5353
4367
5190
3862
2957
3671
926
3344
2605
56
3407
4317
2174
1275
2930
4931
4914
4685
728
806
3375
2226
3913
4602
666
5444
2314
4846
194
4298
3240
3499
5632
1087
3183
1122
5468
3181
2203
1713
315
4889
2210
5293
5160
5250
1541
78
2314
2999
876
730
2581
815
3753
4774
349
382
3378
367
1546
3989
1449
2406
1923
2392
511
2283
104
4576
4575
4011
5251
3107
5516
5135
4968
812
3024
3387
1732
4341
4899
1373
5333
1893
2796
2342
3241
747
3510
3124
2747
167
1333
1476
583
1720
1665
2902
152
507
2695
2400
4629
1581
5043
5494
1510
3533
5219
3021
1069
68
5275
5347
1148
4262
2046
237
2089
4924
4325
4027
3374
3412
1525
3439
1414
585
3295
1919
222
2055
3508
4821
4125
2382
2686
2377
406
3540
497
3315
1840
292
2079
3275
3004
135
4072
2415
3743
2221
2551
4362
2168
845
1481
4365
3820
1918
4996
1754
3943
4359
468
3116
3219
1235
2953
1437
3479
855
3686
3237
3934
2368
5068
3767
803
1553
2579
2956
1081
309
2040
5040
1656
4534
862
5104
4740
1384
2962
3908
2636
1747
2537
2190
3010
2641
5031
3917
555
4542
640
1062
3426
5677
2543
480
942
460
5643
4047
4445
4147
5679
2500
567
4444
2824
3233
1722
4540
4678
4143
3488
1225
728
2499
1882
2430
4539
3001
3239
1368
4637
4715
2475
5595
3981
4815
2322
1530
861
2504
533
5049
4644
3040
509
2540
1425
1334
3832
2340
2747
4420
4147
856
5429
2266
4083
122
4444
4497
4573
1363
3007
4235
4109
2843
2182
1510
4939
1566
3102
4177
1852
2430
581
4308
2890
1084
4619
183
5495
2511
955
2217
32
1309
4372
1099
2736
3602
949
3136
5323
838
662
2090
2759
2164
3585
3782
3003
2950
2428
3859
584
3271
5597
513
3320
4285
12
956
5360
4380
4089
1718
4327
5132
510
1363
2731
5297
4083
4518
2391
1931
3550
2693
2687
1268
441
3585
3301
5032
4611
3073
4662
1841
5192
4973
1849
1185
4553
4027
4498
5388
2812
5151
5029
2875
1791
3696
1488
724
1547
2227
5056
4715
2285
506
4015
4108
1756
4347
3025
4350
581
5262
4042
1846
244
4377
1190
88
4304
4165
2294
2348
5534
5649
1537
3901
244
694
5133
3062
2823
2909
713
2087
2643
1528
3656
3715
2015
5364
913
3617
2436
4381
4554
4842
5429
5675
1713
2039
4743
3807
4480
107
3159
2298
104
2410
3993
2673
3207
3351
3780
297
1507
299
621
3288
1602
1510
2629
5089
1111
1404
3580
2102
4511
5653
5559
2346
4523
4127
2095
598
2917
5043
380
3753
1915
3382
325
3654
885
4250
197
1902
2748
1000
1195
1502
2003
3190
489
4692
664
63
564
4236
671
5160
3102
3769
677
741
2398
744
4372
3917
1032
133
3613
91
3901
1903
3562
696
2588
537
3708
5112
2210
1170
2609
2950
2636
481
713
1451
2181
4084
631
3202
1038
1733
4801
2741
2103
2448
5620
1408
2072
5282
4801
986
924
4517
4885
480
1301
5643
2534
1653
1780
3583
1845
623
5481
3587
3505
2160
1560
607
2064
1938
1695
5006
2821
1741
5031
3803
2052
4538
140
1503
4014
476
3058
2836
4692
1101
2404
3232
441
4283
853
2199
1340
1906
5348
4201
1262
4703
4672
2988
169
2261
2590
332
3975
5187
3381
2985
3631
1114
3407
207
943
4293
4899
3981
749
690
5525
4849
2741
3307
3296
40
2208
3855
3032
4581
2460
3895
1968
586
3258
5153
2051
5114
4982
1892
1383
2686
5073
2695
1482
1222
1320
1204
330
3826
2573
1268
1950
3641
2072
4206
5194
1145
1219
4840
1523
5028
4661
4552
2030
4446
1176
5325
3969
2462
4019
2881
1533
5375
772
1859
1598
3845
4688
3825
3068
2560
2087
2106
2399
5075
4995
3439
5117
5522
3584
57
915
3997
1349
4414
154
521
4408
4921
5468
1519
731
1358
3815
307
1204
3719
3539
4292
5453
1132
467
4927
1278
3298
2009
3090
2290
4508
3823
5487
3957
4461
2298
1979
165
2233
4841
1689
3189
4041
3508
5236
4378
4802
1090
5467
81
3285
4911
5476
916
4735
2780
1367
653
4732
2237
1952
2373
4090
205
5440
3996
4263
540
2104
3711
2399
3726
851
1306
4570
1224
2883
2351
4440
4472
3394
1636
2911
4357
3178
4539
3167
2986
2862
2775
5013
450
4131
3985
3735
455
1045
3308
4710
3438
1434
4231
481
5050
2462
1887
4896
992
598
3420
86
3664
4874
3966
1454
419
761
454
801
1827
3483
561
1344
347
1863
3608
1290
1631
4134
3830
1809
2389
2829
5692
5199
2916
1882
3188
3445
882
4617
4907
803
1463
37
4854
255
2343
3961
5673
4847
1717
2341
2097
679
2853
4056
155
3432
3351
3975
3484
4890
5080
444
5289
2231
4521
2745
3998
3332
4437
4518
4592
948
4911
4408
1743
1253
3319
1041
5384
3479
5069
4435
5417
4586
4242
2179
5194
2408
5113
4582
1336
1768
4991
4239
1128
5698
238
1795
2390
4752
212
659
4296
2307
4175
335
3146
4759
1454
530
2534
5385
275
5308
1658
3408
4308
628
4460
395
5606
5577
5509
3382
451
2352
3478
2194
5277
5384
2989
50
1318
37
2378
1256
5150
5220
4074
5200
3875
28
3919
2107
4040
5536
4914
4553
1187
2974
903
3411
2705
4011
3480
1486
4013
3099
1612
5595
1566
369
5670
540
669
4519
1694
4991
3885
1322
2749
190
2871
4130
128
5543
5629
4270
4747
938
1167
4604
131
908
898
2129
1298
3400
3285
1870
1495
1768
1283
1258
3465
4823
326
3480
4459
1703
3733
3797
2032
4524
3269
4553
2312
1452
3536
1222
38
2414
5281
1132
2748
1597
4444
2905
4605
1175
719
728
166
1650
5087
2702
5256
1706
4659
3522
1154
4919
568
1779
5283
2625
5240
2667
3484
526
1224
3645
3076
3664
558
1327
3421
725
2683
5626
1729
3041
4208
3036
2267
4831
4897
334
4924
1425
3059
4456
1878
3146
3839
1194
466
574
2441
2594
3188
5542
782
1137
4068
2018
5432
4537
3049
2243
5375
1160
806
1530
1199
1863
2542
1327
1837
667
5536
409
1040
4569
5006
4378
4245
1606
4603
1122
2663
4625
1016
5223
2253
3377
3360
1909
1442
5375
952
5379
2212
2207
2006
5217
3287
5697
443
1283
904
3802
3465
2380
1486
1352
2409
3609
1812
4879
3106
4946
546
5507
5184
5354
2021
3034
4235
2332
2045
5413
2553
5229
5256
4052
3804
955
2721
326
1379
4234
2156
3917
2311
3884
990
3512
2495
1906
2797
892
5305
1995
3198
670
5522
1107
2640
2892
1303
2350
2641
3761
5206
5207
3385
2831
161
4934
2583
4505
1349
1099
3943
2924
5060
493
5303
3455
1634
1183
741
1161
1140
2451
5675
458
4701
4825
5325
633
4326
1714
2557
1497
5651
1842
5600
5596
4455
2656
1991
5373
1465
2229
4963
1594
3718
3766
3569
1296
3852
2688
2210
1684
506
1574
2197
1194
3155
3259
4967
253
491
193
3699
582
301
2955
5338
1250
1424
757
5094
2661
1749
3002
4683
2061
4215
2999
2367
3547
1289
1979
1510
4463
1650
2485
5417
2814
1622
1425
2816
5229
995
5483
4842
2118
3253
1363
2832
1399
4349
878
3489
5244
2978
5335
623
722
2769
1198
3787
1703
3124
5169
5495
2958
2015
3072
371
3858
2071
1764
1730
1110
4197
5513
4165
870
3146
1220
2667
760
1493
2578
4865
4857
2665
442
1278
3197
2112
5013
2450
5549
407
2905
3922
4190
4279
2420
199
2883
3090
522
5342
3106
1668
3824
3887
5080
2713
4430
3457
5554
3831
5256
3561
916
5464
5232
5522
518
2241
415
2725
1686
1924
2550
826
3760
5333
4453
3203
827
1252
2983
3358
3605
4649
5574
4026
726
4861
1293
320
2229
4751
5358
1563
2167
5148
5400
5078
2506
1954
1200
1782
1382
643
2753
5587
4686
3309
4659
3543
4959
3402
2107
3324
3090
1406
556
392
1077
2982
3263
2432
2390
4340
2526
180
4634
729
2317
3210
3928
3221
4159
4084
891
3738
2350
623
4478
1145
756
2183
1444
3629
3732
1453
4794
1412
1634
4643
4473
4958
1884
5023
1090
41
3241
1457
4600
2884
564
2297
2353
4045
4021
1482
5610
216
189
5146
1135
1770
4634
5215
2230
1233
5633
4265
5165
1048
2169
3518
5422
2688
3277
135
600
3611
1164
2786
752
1603
1146
3176
1500
2286
3230
1196
2906
517
3259
2301
1027
2068
388
2722
3372
2958
4813
139
551
4997
1342
3423
5004
1239
2268
876
3995
3031
2229
126
4925
4160
4814
4770
4549
4883
2436
5295
128
3522
1237
4408
4282
1885
4263
1872
1848
5659
937
4761
2815
5162
815
3843
4974
2198
5314
3067
1822
5480
364
1139
2555
2384
4395
350
5632
1390
3016
2796
4531
483
3161
4744
600
1469
3649
381
5580
728
727
889
5052
2617
2711
2589
4586
2686
747
2049
1889
2390
2305
4503
852
3978
4659
982
2852
3080
5600
3557
1083
3507
814
2946
4764
1877
814
2832
2091
4346
2204
982
5095
5359
3356
997
457
1072
3754
89
700
3340
146
685
2301
3138
4009
3421
4095
1760
2565
1082
2653
3665
4735
3977
4476
2881
3772
3465
2510
3843
949
3647
682
2415
3850
2300
2350
70
1614
358
3947
642
1064
3479
3436
5615
3305
2843
3730
4863
4029
3194
3587
3543
1483
2597
321
4062
1105
2844
3390
5300
868
782
44
5445
5128
4264
4106
1489
938
4473
2884
1752
3212
412
216
2933
1243
2600
901
967
2376
5064
5059
1514
5300
2750
459
4881
2974
4901
2739
3622
4426
2493
5588
1010
5004
2091
4029
3476
1964
3152
3138
247
4059
5644
1445
17
3040
1090
38
1681
5326
2120
1555
656
1261
78
3169
2661
1147
2756
2980
1212
1426
4192
1071
3562
4298
3476
1157
2266
3007
377
3567
4006
2452
3698
3539
4713
2167
1754
3879
1774
3483
807
1148
5158
120
4819
1344
8
2711
4933
122
5692
1769
2056
1762
1748
888
3845
3162
3989
375
2809
4629
4293
4193
3855
1724
419
4278
2107
2448
736
4864
4286
2458
2469
3600
4507
3060
4565
2538
1660
1107
2505
1267
657
622
3136
4042
5010
2504
1476
4955
2764
2954
4983
1986
3859
3763
5419
2036
2410
1786
2508
5225
1109
512
5392
3506
1949
4962
1136
1439
103
1431
2894
3932
2139
2713
3984
2633
4254
1676
4918
4932
1624
586
2458
833
5563
4848
2410
2282
4274
2083
5543
5356
1557
3955
3541
877
626
3475
3822
1060
5346
5624
1113
5192
3021
647
1342
1243
2734
3800
3331
4646
2629
4296
4523
1001
4388
5147
133
81
2505
4249
2580
4860
5342
426
2099
1816
550
184
5269
916
2601
1838
382
1161
1926
3475
3059
642
1658
3755
784
3706
1522
2716
882
2057
4214
1712
2450
5515
4642
659
1342
4187
3005
887
487
3681
1258
3893
5341
1698
4807
2231
3438
1631
2020
4091
245
2929
3913
4359
277
168
3783
1999
3634
2875
3958
3118
3385
1479
4525
5290
1046
4858
3179
4546
5280
3159
4090
4718
3844
3499
5421
500
4203
5594
7
552
4419
1559
3051
2506
1384
3414
2964
2796
2566
3842
3693
4461
662
4941
550
4725
5510
2501
2962
235
534
1245
4228
5491
1915
5218
142
1388
3323
1231
2122
835
3807
5292
741
1522
2562
5503
3377
1470
4930
2480
4620
3257
5480
3665
1615
1276
1136
4646
66
2597
622
39
5644
2476
1093
2699
1829
1375
4653
5561
1216
20
410
1307
5110
4655
1096
2722
4955
5133
1304
1472
4971
1998
4550
2822
1790
4170
1886
551
1202
319
1095
5692
1662
3863
4625
4985
2604
4202
1458
665
3204
311
1816
1639
2139
2393
84
4806
338
3395
2983
1709
2819
586
3200
2385
372
5461
4955
68
4478
4624
2018
3974
316
3778
3045
278
904
755
1751
3795
140
3040
2031
4869
5596
4525
1071
2651
197
552
5043
2403
3809
3983
1463
685
4357
2839
5665
4065
2981
4461
2428
3721
1741
1193
3548
1628
4084
952
4386
1792
1286
1994
3636
5603
4712
4034
1178
168
4824
4650
5373
233
777
5573
103
1033
2369
858
5447
5685
2983
5042
4370
3007
3012
2809
4152
2619
511
2405
1154
5653
3930
3829
867
2637
209
4504
2517
332
3573
420
5501
2129
1491
58
2220
1690
4881
337
4756
1388
5219
4859
3642
922
263
2096
4751
1351
1332
4313
1590
1590
4090
813
756
212
2434
3469
5584
1103
1903
3216
2518
1367
5467
5677
623
258
4135
3023
3057
601
278
2504
1665
876
432
5336
5600
5008
4882
2230
2650
2732
1417
5561
3910
4597
1063
4770
3017
5372
2367
5126
779
4448
2525
3230
2240
4942
1610
2426
1662
2424
3073
1872
4141
5693
2675
1714
1941
633
1540
3639
4599
3783
2976
4826
5687
4766
512
4304
3524
1581
1403
4184
3181
1675
2795
2374
3212
956
5580
1341
1116
4079
2048
2808
2986
2895
467
1609
1497
2365
3362
984
5642
2526
772
1899
1335
4964
525
2050
89
1762
571
4081
3235
5582
3448
5204
4564
2816
3376
5067
5104
4183
342
4560
1889
4122
4800
3353
462
3950
1554
3033
4831
1095
3518
3534
4017
2849
4239
343
576
1010
183
2926
611
892
4677
398
5355
2872
1878
1057
1936
2532
2828
2930
2535
405
5615
5123
2013
3493
722
5399
1412
1022
2445
262
4656
3047
1560
3236
2670
4931
1860
2074
1853
396
1085
4084
1986
5177
3348
5639
3531
3934
2316
3247
1935
187
4322
2580
2427
1041
4231
1097
5240
3941
347
3074
2949
4441
237
2995
5245
4126
3137
4464
4657
312
1021
2928
4817
2746
1711
1476
964
3044
5518
1702
802
5212
2322
972
1733
3924
2979
4538
693
2144
5167
710
3892
414
5128
3112
2402
2282
628
1636
1515
3868
866
101
1363
4672
4870
4123
281
936
4217
5688
1356
4749
2125
2511
333
860
1873
1662
5295
933
2202
518
931
3732
2521
1632
2851
1584
1448
3502
1304
4819
3204
4192
563
1787
12
1055
4700
3101
4140
3851
177
290
661
712
1639
3629
17
879
4675
4732
629
2705
5439
2550
103
3645
3612
1925
2093
4644
1151
2109
3411
3044
1414
745
4716
2600
134
1645
2427
3171
3309
2957
3620
1918
5035
5066
4631
155
5017
3277
390
1142
1316
1584
3963
4003
2274
4678
1417
3911
1478
1041
4355
5167
3417
1199
3979
2924
1113
3952
1618
5474
3088
5655
1346
2557
3085
4911
1921
3718
4756
3951
4571
4351
5475
3267
4356
1719
4703
3860
3204
2785
3954
3794
3305
2869
1909
5151
4901
4472
852
2101
815
22
4522
3897
5643
1552
2729
4479
2226
4389
151
4126
2124
4463
3504
2384
2992
4428
2556
4242
5521
5509
4626
5172
2369
5485
456
5504
818
1588
5677
4517
1689
5611
4840
4902
5523
5425
4208
520
1347
3676
505
3859
212
1752
1670
674
3543
544
1435
4802
1349
289
538
5019
1738
2893
2751
1951
3768
3777
5416
1840
2753
4629
2158
3564
5688
2755
1719
1453
25
4543
854
5237
4239
2964
1134
72
1914
532
3429
5157
2020
1001
2391
1857
224
2410
609
5031
585
2708
2308
2054
1466
4939
5458
3188
345
4893
1110
3831
771
549
997
3072
2090
372
1887
3031
3554
1720
2812
3935
1375
85
4003
2603
1666
4283
3333
2358
2103
1098
3039
4163
3878
786
3557
3888
1553
4013
1633
3313
2180
4446
4881
3331
1136
4071
126
401
2432
1118
1768
345
3830
4012
624
1824
3976
3133
3775
1484
2552
1214
5393
2468
4804
4741
1768
4427
3519
2629
3668
5181
4422
1266
231
2412
1811
1029
81
450
860
2997
1978
382
2383
4699
829
3748
4540
17
2800
3093
1443
69
2324
822
1456
5591
1348
3169
1020
3166
3822
3798
3083
3518
5416
2381
711
3728
3302
3548
2705
5547
4265
3117
3162
2382
3269
4029
5534
597
5457
3567
1633
3152
543
4078
104
992
227
4854
3101
3196
2605
4993
4604
4256
4209
5200
5132
5237
1389
5577
876
3424
2384
4116
4671
780
1530
2751
3710
4737
1085
1250
2136
226
4020
2897
3232
5673
5522
3096
969
5303
1775
1972
2915
1633
1998
1089
3632
322
4433
4298
1786
2077
2546
2489
1829
1181
1282
1988
4432
868
2526
2457
2925
236
679
3358
3675
3065
5215
2888
5619
4556
3068
5474
4714
333
5477
1014
4454
4201
2816
3082
4159
2624
2658
2624
2117
2823
1102
38
1841
3085
3704
2175
5456
2681
2395
4184
1809
3257
1790
646
1984
1998
1565
5626
5251
1301
311
1484
4715
3237
5194
5395
4159
487
5226
978
3498
591
1556
4516
1307
394
3097
5279
110
2829
4061
1658
4040
380
1224
1103
2424
1350
4267
871
803
5366
3838
2835
5661
4971
3796
2619
4641
2413
3585
4423
29
218
5552
2581
1219
267
515
3692
5535
5641
957
873
4343
2425
5329
4035
4602
4568
1741
3074
4320
3663
3195
2347
3529
2824
706
4654
5355
5255
2939
4662
1872
1387
2955
4071
1669
4938
2
2087
192
2048
733
570
3249
224
1065
1504
3062
2031
3849
72
405
3806
4964
5174
2884
241
1805
5529
3727
5233
3420
4074
2880
429
1946
5488
1123
3323
3618
1409
3305
2965
5252
638
3851
746
2942
4391
2671
2503
1270
5029
3841
4959
5536
1707
1484
5566
3534
165
4844
3546
5180
1884
1469
401
3227
1108
387
3387
2452
5543
1308
1135
2075
755
2840
2124
3506
4679
3323
1115
554
5596
4756
186
541
2182
3557
1456
1664
3979
626
786
2393
2291
1767
950
2330
888
1771
3205
5170
5262
3405
3779
3918
80
3606
2703
2333
5374
2246
1504
851
4446
1508
5229
929
3358
829
1494
3547
3009
1742
5662
1719
2756
5105
5102
4948
1546
1544
1225
3514
4577
307
3946
1826
3035
4758
4800
3452
4053
511
388
3827
39
4415
1124
4452
2118
187
718
1412
1646
2901
3320
5055
5312
2794
3988
1019
1323
1966
4908
5187
3050
287
3297
2557
3542
4662
1864
2789
3963
4044
3985
4379
5504
1381
1210
1641
220
1335
4522
5105
4459
4625
2567
1624
5117
4304
5372
4200
2405
1306
4918
666
4219
2997
841
4602
1000
1404
4585
5452
2517
1256
1974
4480
2387
189
4511
1090
3378
4188
2345
5341
4420
4016
2986
6
2945
3487
1328
5618
601
2203
594
3927
4035
5339
2497
2431
4797
3528
5340
2713
712
2951
1773
3881
5337
4015
4465
148
2720
5698
5019
5015
4544
3173
1368
4456
401
2999
377
1338
3362
1321
674
5425
4038
4143
5526
5402
1919
796
3410
2436
3422
4710
1615
3142
5058
1161
376
1213
129
5029
128
3213
3876
1340
3568
4936
921
2786
3128
1675
4374
2286
2473
4678
3
4784
70
2502
2499
2621
2937
1250
2392
5583
160
1987
1269
4196
5043
452
2196
110
3506
5422
4094
4597
2165
1172
1620
3822
2611
3756
519
4944
463
2470
5229
1851
3008
3343
2680
1543
1530
2344
5493
3789
4679
3275
413
2751
2018
5251
1931
2862
1093
280
4317
2785
1800
368
1147
3498
4622
5620
1706
5479
391
5037
3791
3485
1330
418
5255
358
4025
4878
5408
3185
589
1748
4907
3320
5255
3402
125
576
1608
1691
1758
4413
3987
5594
3849
4807
602
5345
2154
3183
438
1038
4690
2810
4038
3820
864
2422
839
1502
166
1880
912
1471
3407
3564
4835
2607
3999
1877
4493
5411
4351
3789
459
1265
2422
4377
3354
928
3827
1360
432
3113
5641
770
1334
2236
1598
1879
5263
395
5335
767
2859
2940
5363
488
2532
1788
3142
4969
118
2528
95
4070
5141
5294
976
1729
3441
3268
2517
2673
1595
1895
53
3356
1439
4897
772
770
5157
3028
3131
3026
5053
553
1683
4299
3632
1974
3941
281
5345
3949
1483
1639
5608
3245
3425
2607
174
100
2045
1740
1337
14
4059
5522
363
4605
4196
3378
1436
3735
1028
3541
1403
2761
1691
504
4178
344
2033
1529
1473
3415
4960
547
3949
2409
4772
3108
2506
4669
5024
223
3430
2773
874
4370
2709
3676
1139
405
1714
1651
3633
5693
4717
3623
4973
145
2666
2133
4694
2320
4635
3828
2581
1628
5003
1333
902
3463
4802
4974
551
2685
452
5061
2648
3915
1158
3902
1857
3359
4842
5438
5445
856
4336
3870
954
4975
1071
1164
5025
2667
1040
2494
439
4269
5205
5273
5325
2087
3301
2854
97
1964
2441
3079
1533
1306
378
1786
815
1477
817
4212
2068
4314
524
1267
4826
535
4097
2590
4294
2401
5347
3641
3496
4062
2104
1658
2234
4528
2445
3306
2719
3127
1686
770
1154
3009
2917
5695
535
4681
2991
3485
1125
738
1549
2528
5544
928
2586
5374
678
4610
3939
2847
3950
1107
3701
4890
2481
3258
5402
1245
843
3926
1470
947
621
3005
3593
256
3943
639
4258
1345
1929
1151
797
1969
2421
4627
1912
4208
3184
5252
2981
5243
3406
4994
229
5398
4423
3769
2495
2397
4154
501
3907
215
571
2655
3378
5532
2154
1504
2485
239
19
2375
3839
1105
3545
493
2829
224
2168
5057
3490
4882
4405
3284
3066
591
2888
3051
1173
188
733
1856
77
606
1704
988
1549
2758
4948
1208
3128
5191
5
4947
3302
116
4865
2465
3507
5008
1615
2162
4667
1255
2935
2047
5135
4874
108
5478
4655
2580
5250
3023
5631
3662
5572
4610
1732
2423
4604
3057
1955
304
2681
1108
468
4425
1462
3099
5018
2266
4320
3833
2121
595
233
4215
3857
862
4697
3548
4599
1832
313
2063
2101
3380
4887
4442
4232
2891
2344
2089
2475
4664
3311
692
3653
1258
2809
5187
1942
2398
1355
3784
5671
4003
1989
845
181
2386
545
5460
4032
4976
4030
5458
4477
4674
3726
2657
4444
724
3035
4583
2053
2178
2194
1881
3460
3532
2124
642
1846
463
129
230
3929
5529
3339
1682
618
274
1052
5096
3734
1338
4758
2217
5368
3
380
1191
688
2751
3501
3012
5538
2459
4658
1669
2740
4106
4258
245
3097
357
379
687
3984
726
3124
1531
2473
5425
