69
95
98
63
72
55
69
92
66
91
90
76
73
65
73
75
120
39
106
106
45
123
68
22
70
33
44
82
95
41
85
74
41
77
49
38
37
106
79
65
82
70
97
96
101
64
69
61
74
84
106
76
92
82
32
44
68
31
101
54
73
72
109
42
69
46
95
112
51
90
48
92
80
65
80
51
80
57
59
71
102
63
82
82
83
48
128
68
75
130
78
102
83
99
80
84
106
69
40
58
80
43
92
48
110
57
76
35
67
62
76
112
65
57
102
66
66
68
84
88
66
96
62
71
32
105
104
78
92
86
50
88
70
46
62
83
78
79
66
66
72
74
73
51
72
35
126
63
29
64
65
65
80
60
69
105
57
73
85
53
92
81
80
67
106
61
56
68
109
64
68
84
44
97
75
79
57
85
47
104
67
32
84
74
66
45
69
125
100
74
54
81
93
65
60
84
83
70
85
84
55
129
58
76
40
111
91
76
56
81
145
80
127
115
47
66
69
59
75
85
121
61
93
53
79
78
90
96
86
57
50
36
33
74
62
24
73
89
84
51
79
83
57
71
30
78
80
68
46
79
71
63
82
63
88
66
79
66
67
68
49
88
92
39
86
73
33
69
98
90
32
72
55
92
80
72
82
90
93
84
63
76
109
95
94
56
58
38
133
69
55
71
77
83
47
26
69
36
21
70
72
61
67
50
73
65
76
86
93
56
54
66
85
96
109
55
82
29
89
27
63
65
53
69
63
85
81
61
85
100
69
62
59
45
46
99
55
65
83
70
56
78
74
79
133
91
88
46
74
63
42
28
66
124
65
33
61
48
69
35
79
72
45
69
86
79
91
43
42
73
62
52
61
111
114
94
87
85
61
87
66
86
105
73
70
69
79
70
44
94
58
61
69
58
92
75
60
68
98
22
72
75
31
90
52
62
88
50
91
107
88
68
88
39
80
78
108
89
61
78
101
56
59
40
74
53
55
70
86
80
50
118
54
112
134
51
75
62
102
100
112
54
64
61
70
58
93
50
88
111
49
63
50
49
57
41
59
39
59
98
46
95
60
84
78
96
41
90
82
68
82
70
82
106
70
53
28
124
53
51
87
50
70
115
97
27
60
119
45
86
74
48
76
76
82
64
126
42
108
74
86
84
74
101
100
61
62
36
115
42
52
41
40
91
61
118
98
39
59
71
105
109
80
56
102
49
62
97
95
94
90
47
64
65
69
68
66
79
114
47
49
34
52
66
42
55
71
55
63
80
88
89
55
68
48
57
79
88
35
52
69
71
113
101
89
70
71
89
83
69
83
69
52
102
83
85
53
101
87
76
55
55
65
95
75
80
86
45
55
60
54
74
74
55
43
89
74
79
114
89
58
131
51
86
76
71
30
66
45
45
38
81
69
66
111
103
75
67
104
71
52
57
103
54
70
87
52
89
78
75
126
66
103
60
103
51
46
46
107
72
64
51
135
58
63
90
62
59
74
96
93
65
75
81
79
61
76
72
98
86
76
75
117
86
61
81
108
48
88
46
65
110
44
89
88
50
68
32
85
97
25
53
49
102
128
29
33
68
90
79
48
63
98
59
74
65
67
39
37
47
91
95
76
52
70
66
68
71
70
87
63
44
22
68
141
96
78
46
83
30
52
91
65
61
70
74
59
78
52
84
79
128
103
71
101
37
46
103
115
71
56
63
69
68
38
31
70
58
79
51
102
61
92
85
37
57
77
82
32
87
58
45
61
26
84
80
88
67
58
51
64
42
79
33
71
91
60
71
58
77
65
107
104
71
63
98
59
90
69
94
90
81
77
83
35
41
52
99
40
75
60
70
48
107
51
80
89
62
74
47
56
90
28
86
59
72
97
67
46
95
67
95
75
84
66
67
78
96
90
62
87
67
79
83
62
48
57
87
79
68
89
84
41
62
54
68
57
71
53
60
83
58
75
74
68
87
62
69
76
85
88
65
67
72
53
78
77
52
77
49
52
64
40
41
91
53
51
69
79
109
55
60
81
79
54
60
56
47
62
139
119
87
62
56
111
55
85
63
58
43
81
96
90
87
76
48
78
81
76
78
34
103
69
89
64
72
99
53
58
92
78
91
68
75
31
89
55
71
66
42
93
72
87
93
67
96
75
46
73
87
72
63
41
67
19
34
31
78
50
67
41
69
80
28
95
66
22
52
68
57
40
18
61
82
54
53
69
84
74
75
129
33
85
84
17
72
67
55
90
93
83
42
65
63
88
92
54
71
59
67
74
45
96
76
99
49
135
102
46
44
