3820
1732
1281
3084
1709
772
1792
607
4217
2696
2088
4423
3872
5258
4249
3824
4935
3859
3681
282
2137
4124
1410
5190
2819
1067
4199
2390
1341
4566
2164
270
1933
798
2516
713
22
3680
3301
324
5063
5362
2062
1223
1040
3988
4578
5117
3695
3586
3988
4100
3544
4117
4314
1912
1299
5222
4219
3595
1740
3649
5355
860
5610
3599
3961
429
2425
4789
5410
1211
2604
254
4949
2162
5106
2500
4596
5268
146
5426
100
338
4989
5000
3597
3103
4118
3910
4204
3559
2659
1724
897
4625
2393
491
3061
353
4627
1774
1867
930
4440
1900
855
2060
3136
5483
2222
4291
369
5675
5257
1907
3859
5427
262
3764
352
1541
3064
822
587
742
5551
4739
3026
23
5
115
2881
2345
5331
2643
5518
3751
3386
4620
775
49
2661
3324
2384
2452
4079
4022
703
5280
5212
4392
5104
745
2875
5283
1242
4280
1399
1668
5193
1164
5035
4537
680
4744
2704
2671
5343
4183
4460
1057
3386
1572
4858
3831
859
779
628
1778
4584
2580
1289
5073
4335
1462
1786
3417
1913
394
4997
3013
3017
1207
2235
733
405
3333
3041
2580
4554
2055
4188
725
5589
1510
3705
2148
1160
4556
4483
3090
2868
5695
5008
1014
692
1616
3621
4996
2946
1062
2014
4979
938
5065
5515
2183
4755
3375
1828
499
2603
4477
3456
3222
1226
715
3226
2610
1236
2620
3427
3887
3800
3637
3809
3241
4383
180
1560
4598
944
5186
3340
4071
4564
2566
2102
1390
858
4601
439
1978
345
3080
2511
4407
685
1083
2503
2047
621
3029
2279
2538
4165
2629
568
1403
1610
3567
4592
1752
558
4866
2386
1958
1870
5077
1253
139
1232
758
4597
2533
4628
3516
1390
5656
5144
35
1247
2253
5220
5091
5650
2780
1022
5429
340
4223
405
5246
5025
1462
1089
1635
1790
542
3237
1693
2989
1160
3838
2581
5200
262
3998
2766
2303
4219
661
1340
611
213
4083
3238
3745
2118
993
179
1759
1100
1576
108
2892
290
2212
3410
862
4821
2857
1523
5590
2433
2379
2787
5045
4075
4204
472
3374
4219
2851
1709
270
3344
3284
3692
722
962
1473
1604
816
2683
2354
944
309
4122
3617
2177
925
4790
1071
4283
5035
4929
1095
537
1740
320
3594
1647
3070
4926
2120
365
3859
130
1752
504
542
2349
1111
4104
1784
522
1378
4055
628
736
507
1901
1959
638
4649
4005
4824
4918
2439
1882
1184
4334
5474
824
2008
4471
1534
3241
3505
669
818
258
3765
3950
4748
4251
4647
5260
4597
3222
1553
1111
3917
2029
2802
608
2161
4963
2671
4139
2446
2096
63
3404
3712
534
915
1319
5541
4742
4236
2083
96
546
3706
2053
3249
4526
4678
692
1151
717
4141
2019
1194
420
1854
2884
2405
5048
1951
1707
3867
4523
4819
4680
297
611
1338
4420
1398
616
958
4846
771
1947
3243
1537
1118
1223
4357
2009
133
1848
4861
1023
5598
81
541
4937
2813
4133
3046
4343
4888
686
3257
3205
5676
4394
1250
4086
4897
5686
291
2434
14
638
2735
748
5119
3456
1368
1851
1411
577
4158
5431
2008
1269
4531
2930
4952
1513
3951
1784
816
5386
1349
741
5150
3857
4111
1848
928
1082
5654
4939
1124
2600
299
3485
5434
2915
2918
269
3415
4441
953
4994
156
4999
3856
3914
4302
1400
2225
2475
1639
4617
4203
3057
8
1703
3529
4698
3682
4276
2691
461
560
4267
5177
432
4154
831
2878
88
1478
4563
4406
2184
3060
608
147
3482
3647
558
4043
17
3390
5574
2348
3184
1743
326
3818
1540
3124
2229
3636
2025
3997
4118
2242
5299
757
3877
2424
694
3359
2010
5459
4672
2707
2120
3728
5207
1446
4986
4508
1416
3289
4665
3134
5332
1766
2636
311
1181
4860
3957
3367
3129
2909
3641
1648
4245
3014
4388
783
1826
2050
4552
3454
1935
4136
3961
2975
1787
758
948
919
3474
859
3999
3336
5324
4507
1648
2788
3775
58
5268
4130
1360
3944
5240
297
5028
3979
1478
1609
1161
3980
4003
3365
515
44
4214
4446
1468
2442
5385
2751
5407
5566
568
4730
3487
3674
4310
762
1115
1825
4057
3368
5253
4353
1226
4158
4988
2642
5451
21
1663
5179
359
5508
5435
4368
1037
2180
4055
1071
996
2509
3004
3466
3570
2587
2718
1098
5640
3249
1574
1323
1678
1110
769
4973
4889
5420
4570
4327
2635
2336
5089
4426
1387
4262
2321
1540
4877
2368
1726
2442
1428
5439
4316
2280
2516
4284
5474
3228
924
1587
4332
311
1518
4869
4971
97
4251
3588
466
1713
549
5288
4056
3483
5341
2215
4255
3838
4947
3449
990
1694
905
2492
3771
64
1957
1527
1399
4234
2648
4500
4642
1629
689
1927
5441
3946
3683
5663
5546
5297
1443
4465
1278
734
411
4910
3794
240
642
4754
4801
1671
5248
3437
3073
4428
4046
5407
2079
2618
2640
1606
2792
1002
464
4417
3752
1496
35
184
3567
650
1549
4776
3744
1228
4781
5684
1434
4680
2994
2049
5272
4465
4326
1531
5567
2597
4700
1328
603
2798
5545
4664
3955
5642
4399
1938
4592
2481
1649
4750
649
1799
1598
276
4309
2544
3268
2936
1507
3053
5160
81
1785
4271
4454
448
3443
5200
2925
1438
910
4606
5472
1188
1850
4597
3108
1353
848
4270
2830
5408
3860
4850
5607
2316
3233
4432
3401
4785
1567
3191
571
3270
5399
4597
665
1590
3137
4895
3737
2591
3377
487
2496
5280
4457
627
3385
1528
4273
4612
1873
255
2698
4453
2165
5182
2841
1217
3258
4077
4027
756
1540
4439
181
2079
3147
2555
465
213
4473
5494
5608
3024
4108
908
193
5281
3788
3914
966
1581
595
4110
4008
5330
5671
556
1316
4136
5622
2640
935
2540
1264
1500
1256
1164
2437
1497
4175
5198
1353
5043
2635
1413
1405
5065
851
4682
3899
4911
5061
795
1538
2103
5491
488
4898
1100
690
161
5460
3820
5147
1357
2738
2944
954
2427
4251
1146
4683
3000
2452
3889
3773
548
1819
5370
4431
2628
5539
766
3432
1842
1921
7
1245
723
4759
3849
4111
5183
178
3192
5579
2282
3952
372
738
601
877
100
3693
4217
820
5181
2476
3353
3094
4050
1567
365
4323
1810
2027
1919
5584
2947
2827
496
3766
3433
2508
5641
4158
4674
1603
5070
631
4639
3145
95
5256
5489
2318
1913
2411
1278
2087
4089
4400
502
5564
1270
3844
4319
2904
3504
1451
3721
1548
5226
5335
1037
159
3902
3395
3424
861
3242
2483
4676
2135
686
4104
1310
5201
782
5188
210
3639
4875
4412
473
3764
1074
2263
2239
4212
3220
994
1714
3200
982
5607
642
11
4110
212
1716
2750
4265
1582
2546
1876
4953
542
1931
5042
4477
3553
468
865
433
2169
897
1295
3203
3755
1996
867
3406
1150
4643
4727
3763
1002
4184
4947
427
2077
4847
1181
3172
4483
5565
2069
4636
2184
2059
4317
2209
5318
1904
1379
3473
4683
1824
4426
5301
1900
3833
1770
75
4409
375
3973
4956
567
5258
1225
3144
551
3208
5479
1183
304
2389
3123
566
1698
1956
1203
4704
3522
3733
2062
1490
262
1956
2074
3498
3613
522
5341
620
2078
2439
5438
5115
4836
1438
668
3798
2876
1622
3333
643
3269
4019
4355
819
3040
1546
3757
1202
4857
5482
5682
3287
405
857
147
81
3205
4163
2783
2326
261
1108
5283
2668
3710
3376
1151
2261
1538
715
5145
933
4773
3753
2882
1238
4166
3279
5671
1232
2042
2974
3625
1716
1452
3365
425
4251
4601
4185
523
2802
4482
5302
4642
3860
1752
1835
2299
3748
3741
2391
4498
5198
5118
266
3341
5372
4533
1750
3861
2503
3821
3178
2739
1541
1017
3291
4344
5456
5085
5309
5673
3892
1616
3873
4793
1721
5469
4652
282
206
5560
530
441
987
3733
2605
4952
1620
1278
4637
543
1468
315
4644
2001
2679
4973
2433
4628
4200
1627
3981
4057
3382
1927
3618
3184
3018
1453
2195
103
172
1864
156
2667
4859
5287
2545
2852
4649
3381
4185
4223
815
4299
1280
1591
898
974
4771
5698
4529
2284
640
4956
1877
613
3898
2520
3038
5697
878
1081
4307
299
4840
3053
4348
5160
520
1035
1831
2869
3111
3858
4114
1929
5281
1365
2540
5370
4255
646
2579
1582
1849
4668
1448
2204
3155
1878
1653
2164
2821
1158
4406
4444
2567
5158
11
4474
19
3369
1074
4375
4723
1688
949
490
1276
2192
4893
689
1408
4370
4853
2546
2482
472
884
2173
3451
3181
2735
2768
4958
5252
2966
1716
484
3439
442
2319
4929
2693
1911
2762
5691
994
1447
1854
3729
986
4238
1137
2812
5284
1281
4426
3123
2310
1983
4508
382
781
5055
4348
1643
2654
2074
3524
2966
2587
4975
3227
5215
483
4379
4359
360
2839
3635
1326
1657
3624
2107
1924
3429
5553
4113
4992
5320
3415
2033
3660
2083
1628
799
3232
2591
644
2948
4523
4196
4518
1786
4497
2538
2534
1887
3966
4731
550
5004
2126
3814
4820
3777
4028
661
5052
3876
2414
4715
906
4103
4852
4925
2728
455
3118
3619
2175
3847
2511
3358
3244
2535
3012
3818
2612
385
3669
2658
3338
4327
4277
1521
3317
4255
442
2269
972
1102
5653
550
2608
2410
1056
1362
799
970
4332
1621
4143
1589
4522
1738
3424
3411
2733
1437
2915
464
1086
493
167
433
2132
1554
2545
4741
1890
5493
1224
5261
4303
4977
4072
4602
852
4795
1988
3784
3133
5090
3362
2079
4218
38
5488
5390
3385
5207
2141
3816
2906
2228
3235
2077
1551
3351
5539
1254
2131
3297
3066
2619
3387
4585
2881
1033
3807
5520
7
2965
2200
807
3037
2698
4957
3344
4462
3459
653
4574
916
3206
2399
5280
2334
147
4845
5144
3789
3697
4766
3329
4378
2710
3729
3425
1206
4974
4418
727
3287
4003
3275
2076
3784
1078
283
125
753
179
4868
871
256
1064
16
3974
4587
364
1744
2524
2294
4813
3761
5531
4553
690
4409
4632
4049
3354
4100
1516
4308
1936
4069
5526
3170
2964
865
2960
2889
2375
4127
1931
2303
4120
4154
592
4589
1556
3195
1255
1545
1303
4387
1277
5196
4051
2870
7
1936
244
2390
3299
220
676
5623
1379
4788
5363
3392
5287
3263
4345
3591
5189
2486
1571
1235
3908
2187
381
1637
2327
17
509
591
1144
5174
892
1030
4352
5148
2723
3607
917
4577
686
1431
3385
1539
2105
3603
1888
4116
2198
4556
4487
4586
4977
2240
2719
1903
3879
5623
115
5281
2234
378
261
2681
1153
1477
1173
3889
448
2617
4807
3870
4008
1568
1468
1216
3854
5468
3442
2527
1851
212
5251
1647
4610
2331
5028
2898
4804
4198
855
783
4226
5031
1451
4113
3176
1414
3802
1707
5371
113
1070
3648
5484
3641
2620
334
713
1353
293
4195
4341
1411
5122
1439
570
4555
4953
809
4314
5366
2960
1697
5393
3055
758
5016
4280
4984
4571
3439
707
3772
5163
2218
1969
5337
2367
3655
2440
310
2550
3686
5204
287
2761
4986
1185
4931
875
4444
4158
1948
348
746
2234
2149
3524
4857
1550
2056
5203
2522
3875
2183
3137
4330
787
1241
2001
5194
3492
3598
5367
2498
5393
875
3540
3067
683
3810
3033
5088
1154
2815
4453
5464
4866
4373
3118
957
4228
4492
3668
1575
851
600
3736
2213
1027
3038
652
892
1013
5334
650
1642
1680
2452
25
4087
3027
4519
2642
507
1426
4825
1452
4890
3692
4341
574
2039
831
5489
2240
2375
4362
470
1612
2055
616
273
5484
3557
2088
5085
4944
4313
5388
4182
3538
2362
4920
2996
1880
4358
5615
1158
5283
3850
4546
1688
2789
1120
3020
2616
5532
4991
3077
1539
2298
582
1488
1796
3205
640
5278
973
469
5628
3535
31
790
1321
1768
3168
950
5462
2182
764
1062
2131
5113
5490
671
2062
3825
3840
2547
2401
1713
4027
398
343
4110
1976
406
1081
852
1746
1237
2918
3596
1997
4456
3364
4824
197
1860
1623
1314
2438
1787
1157
3487
3758
4381
4924
1839
4929
4886
1747
3241
3391
2867
2003
1036
1438
2280
4577
1068
2203
126
4062
821
4268
5370
3358
4760
5512
4956
611
3747
3799
5409
2903
2573
5256
50
4466
2854
3756
2341
2530
5286
4936
2896
1879
4323
5236
4981
5564
4942
5506
5224
3746
2654
3557
740
5011
752
462
673
4439
4922
3609
5594
2374
5139
1554
3785
4262
3056
1057
2639
1377
983
2242
5310
2200
981
2026
5688
430
4706
3512
1279
1757
2787
5579
3770
2969
3058
5049
2844
4956
386
3423
885
2363
3106
4414
2257
274
4643
4330
3720
1357
865
4181
3685
38
1833
2667
5515
3539
536
3457
5602
1121
1642
1249
1123
5071
1862
5422
4592
3275
242
318
4745
4107
3283
4119
4308
4887
4578
3791
5007
4430
5620
483
5043
5180
3769
1443
5442
5135
2603
2706
5357
3548
2531
4644
400
1163
3351
3934
5226
3115
2514
33
3888
1541
3303
2832
4907
4464
5517
2126
2765
1699
534
4023
3453
3787
3979
4152
4970
3220
1975
3345
971
1
2449
846
2739
4763
1582
775
3126
3830
3176
1054
2684
2528
4281
5020
162
2730
2410
3553
2218
2462
4638
4774
1308
1699
1261
2043
1799
4910
1906
2976
751
3172
4575
4874
4140
3449
3943
3140
4476
2675
4334
1658
285
2737
445
577
1605
3803
4268
4445
4032
1555
345
1938
3347
4737
86
3538
1215
340
3838
5347
2906
3313
2748
5610
2574
5617
252
3531
276
1967
2162
2959
4756
3328
166
114
4747
5320
4869
2292
2145
5262
5182
2865
1492
3181
2704
1517
4009
5287
1442
757
4041
3505
5293
1229
781
3907
213
697
2027
1045
1653
4702
574
43
2623
1109
2183
5285
4407
4391
4972
4281
5518
3289
3772
3408
384
1921
4342
4198
2967
5582
205
5479
2690
322
3019
2618
104
3858
1687
1337
399
2751
669
3290
3798
5322
3753
1964
2335
4193
1772
4080
2744
4039
5436
3197
2836
3028
3721
5472
515
901
5024
1015
886
1103
2040
1249
3548
1605
4831
4285
1713
68
152
4893
356
998
2295
4898
4817
3393
647
2786
1744
4823
5618
5455
1522
4054
2756
2910
1260
4617
5085
416
3746
731
3459
1890
5302
5503
4576
2988
3765
1991
197
2750
2735
356
2999
3245
2178
2185
655
4728
628
5523
2254
3511
5445
3976
2730
5030
5364
1134
4582
193
5372
4662
2100
4314
1871
4436
784
312
4153
3196
1465
3988
647
1793
2889
8
5336
2532
903
4761
511
3130
589
2580
1562
28
4039
2106
1804
1544
1129
5337
1867
4874
1461
4684
3442
2996
2239
468
1874
1231
2111
4920
1006
5093
2025
254
4776
330
5681
516
3353
1968
2684
3891
3296
2111
1414
4613
864
2032
2318
1459
4723
4551
1931
1365
2930
1382
1982
3353
4359
4685
797
4038
4653
4311
2961
751
5250
848
2667
5094
1745
3345
885
595
4909
162
3272
5117
2942
2394
5567
4957
3183
5070
1590
4695
1656
691
666
1966
4882
5654
2901
2040
5541
2904
2827
3309
3738
2369
1211
5286
2427
2130
3252
961
4237
4997
5499
2965
3482
287
1713
4021
4503
1436
4890
4232
1494
4453
3883
3391
3323
5205
3791
938
2837
2469
3985
2622
2279
851
1883
1467
3773
5107
3173
618
2087
5666
5282
5348
1581
5479
2547
2040
4119
3739
1497
87
3544
4473
3261
5276
2787
3666
5520
3487
3979
3730
1975
733
2058
27
1500
806
5165
3187
1364
4917
3727
5373
5260
63
2274
5282
1377
659
1029
2083
1140
1707
637
3618
3719
5080
5577
5410
1400
5533
4860
4324
810
319
3901
5636
139
1566
436
3759
4198
984
326
4384
4831
4146
616
3125
1678
442
1230
1359
1322
1801
3101
3439
5689
1355
2508
2013
3555
887
4583
3713
2922
1252
3175
3963
4367
511
4802
841
3802
5653
1949
2668
3914
4220
3442
85
3912
3847
3879
2788
862
4697
4985
3494
2411
1575
457
4336
2172
2003
1322
3976
2545
3044
4390
3453
1029
287
1369
572
2285
4468
3812
4655
802
218
786
4947
954
3531
4237
3871
3707
1990
3164
3993
2992
1936
3507
3769
4371
3440
5068
2167
4663
1324
2787
1686
4456
3829
1158
2950
4715
230
5164
445
113
3368
358
4191
3327
2753
96
5205
2223
1566
1564
36
522
2838
573
736
2233
2121
5085
2685
4696
5254
312
335
1507
2624
2702
475
3478
3089
5514
4910
1412
2424
2834
4725
4988
1621
3815
5355
4444
469
5464
1722
3587
1465
4291
4287
4094
4510
1159
3590
1348
1559
1977
4589
238
3417
5122
1729
5595
0
2374
5052
1388
1731
5620
1126
5238
36
1687
2450
5488
2233
1975
1126
2145
1814
3910
4543
1352
4980
2962
1537
5569
1131
5539
3405
1786
1247
2317
909
1925
1441
819
1131
1888
2630
1645
5348
1373
4166
2829
2576
1598
266
5534
144
3707
2923
1186
1044
1788
288
5114
2744
716
953
2051
3423
5364
104
1454
2374
3160
2655
5399
4979
3258
1845
5334
5446
469
334
3016
2930
2136
503
4033
4024
3219
1392
2716
4910
1064
1712
312
634
320
3063
3586
4482
3653
5415
3470
4056
2109
4735
2786
3974
4778
3039
568
2377
1562
3839
797
4459
3489
5106
2529
686
5397
2163
91
473
5564
5089
717
4206
4135
3325
3573
1981
218
3965
4967
5314
4798
2924
1474
2981
4526
3072
3022
3093
2157
4420
2540
2650
2256
2812
3553
4627
5228
1884
873
5462
1467
1628
5556
4464
3771
4855
3360
2335
752
1456
2241
3732
1301
4745
2873
389
5624
1191
1764
4628
3962
3338
3126
368
1039
4077
2702
2985
3425
5618
818
4789
5355
1436
3760
2630
2637
2649
878
4563
1909
715
2852
1038
1052
1744
2778
3291
130
933
3568
5401
3812
787
5346
3171
2140
11
3913
2312
2552
288
717
3805
2345
3684
442
2365
184
1657
656
725
5118
4615
4533
2917
3527
397
2781
1407
2945
4010
4028
710
4374
4599
2207
4016
437
5351
3635
1097
4170
2875
1482
4066
2576
2895
1847
81
5513
5296
2014
4062
1547
786
5442
484
1606
5346
2262
509
1287
744
750
3109
386
939
2482
4062
559
1071
3482
1121
1185
3080
1335
1494
2694
1351
5655
745
112
3689
1175
2994
3711
4144
3283
1651
3492
4977
3482
5400
2544
4354
99
3459
1467
5338
4676
1602
5185
1161
1886
5183
2708
2156
3311
5047
4350
4816
3966
5505
2899
4319
202
2039
2308
5669
4573
4208
1176
4028
1854
4953
248
5216
2750
8
318
5493
138
1042
1397
3611
3057
3819
1323
3584
5318
3959
581
994
3787
5614
1346
5168
2667
2557
4224
709
1173
2548
786
4384
231
2787
5670
1124
3359
5220
2742
4306
3824
4031
4101
4700
772
3295
1038
4724
2555
5112
5139
3052
2775
1195
3444
4155
4949
537
4410
2033
250
3879
4045
2641
1586
1036
4540
5059
4867
1115
2421
5145
221
4811
171
4079
3924
4424
2886
426
4651
1488
186
2059
1872
4874
3239
2097
493
5489
1297
5094
2053
4670
1955
948
2657
2409
3022
1300
2009
3869
2275
4400
1388
5124
4094
3097
1360
18
3689
3849
2285
5677
2649
4842
2053
190
4653
866
5265
2069
3995
1653
2178
2062
4360
2089
211
1950
5555
2873
142
5378
1138
3741
3528
5595
3061
1463
5516
2445
814
5000
295
3088
297
3663
5617
4233
1460
4995
3585
2581
1596
3823
721
3834
2114
5102
1367
3738
2646
2978
204
4944
3109
781
955
2728
5123
5127
5572
2517
5274
3237
1054
3088
2620
1731
2809
4321
2720
2369
3086
3711
5287
3987
5047
3362
5175
5022
3632
2149
4721
61
1706
4556
2449
1490
3509
3511
4496
2326
3397
3035
4611
1334
1886
2081
3794
2716
57
3861
4296
3881
4584
4590
3982
4065
2086
5520
1710
1978
1563
5265
2270
2934
2008
2605
4475
5263
4434
4344
1048
2500
495
5273
4685
5387
2944
3964
1760
5012
5434
5004
4831
5624
4041
1609
1994
1518
4053
2918
4705
1288
2773
533
3027
4194
2032
4223
3046
3520
3114
872
2826
4411
4272
3806
3455
5674
3518
3459
5387
1972
4196
1712
5646
1744
3723
1046
1523
2918
3897
4378
62
683
5376
704
3436
2558
1207
5520
1209
1219
3570
972
4502
1874
3928
1410
1995
1509
1413
905
5486
4330
2025
1236
1280
970
1332
3906
715
2383
3717
1613
4898
4322
2861
3012
3609
2963
595
3205
4802
1268
32
3943
2203
4644
3052
2679
2106
5356
1730
408
1251
3631
660
2972
672
2551
4644
1339
3549
3371
5450
4673
3618
3954
4855
678
389
192
110
843
3021
3658
1737
3289
4555
2943
1061
3000
1971
5327
5132
5542
1187
5617
3185
3818
502
3264
2025
3688
2585
2987
4762
4630
2553
2832
4569
3135
2885
1507
4310
5550
3711
5465
1465
1301
4923
2795
1744
207
3164
5108
5687
3594
5108
1710
3318
2995
714
2129
979
4018
4114
2582
5239
2377
562
3709
2722
4870
552
1471
1294
3156
961
1337
2924
3801
1773
1641
4740
3567
5135
5139
4001
1376
413
1673
338
5671
4853
2228
1853
1389
4944
3452
5341
2251
3045
2605
5665
1314
1999
3234
725
5398
3172
3593
1266
4759
1255
516
2255
1135
3791
3773
5312
5651
5440
3965
3934
873
737
2319
3030
5222
3512
2917
5589
2391
3683
5591
5280
5220
1295
2204
983
5058
2024
4242
1317
5016
4607
3754
956
5182
671
1034
322
1498
2980
185
783
3969
1919
5619
1965
3217
1333
1432
4122
142
3104
4303
2189
740
5032
5189
252
807
2048
505
4747
4409
3297
4271
581
2778
4964
3821
2948
3195
1230
2486
4688
3258
1894
1150
1331
4932
4554
2798
4158
3964
2030
3322
4805
2056
4885
5101
3500
4748
793
88
4006
4530
953
5270
2322
2506
2948
5032
2950
3795
5185
5233
344
4947
1681
723
4955
5556
5338
2830
4593
3125
5469
4448
222
2094
3401
644
1879
1618
4800
2685
4037
3858
5330
1131
3936
5020
1269
1529
4589
2756
4356
2244
4308
5272
1255
2503
2365
5199
3716
77
1041
2234
641
1649
2482
5164
4030
855
3977
2145
4832
3812
4233
2640
3095
3599
4111
5159
2033
960
2546
4661
1128
5607
2075
2793
5272
4242
633
1332
2807
560
2511
5267
4574
1049
36
3383
1326
3871
5670
5011
4330
122
1778
2613
5638
5190
972
5570
2262
4304
3589
4695
4702
5241
4367
5009
1797
5223
4235
2229
5158
3543
37
4735
4238
3166
3820
5264
1620
1259
1053
4845
5291
223
503
5464
3422
1588
3748
1300
2135
3844
5345
3920
4746
2520
5454
1341
3372
5229
810
2555
3637
2831
1786
4711
3212
4018
3578
125
4942
4787
2626
3156
3857
2081
369
2523
5202
3065
4778
3765
2929
2739
3112
1001
2097
4181
142
2620
1971
130
682
664
767
2106
3945
2470
150
4298
3539
4800
438
3420
1194
4470
5120
418
1710
1420
2508
752
4321
2078
3948
5471
3282
581
4179
4208
5491
5573
1119
3905
5648
2542
1459
731
984
1807
3265
1638
2805
4859
2143
2892
1577
4878
3718
674
5671
4853
2118
3191
5197
5043
4859
397
5415
2519
3488
4599
3797
1955
45
279
992
4066
2203
3015
243
3018
5234
1486
1802
1904
3900
1844
5653
236
3159
2033
1403
5231
5464
5636
5165
2005
1875
4781
2884
4819
3824
1154
2451
1033
5296
725
2468
2574
5084
2188
4874
4768
2657
3553
3874
1793
3346
2167
2421
5483
1533
2446
217
1779
1227
3415
1532
118
4054
3080
4546
2629
2775
1884
3396
3879
4027
1868
161
3141
2589
2415
291
242
182
5544
482
2511
4470
1293
562
2838
4247
2127
4753
3834
828
2942
1391
2499
385
1085
4221
5290
4903
5023
5424
2949
1431
4433
4469
5467
4254
4244
5422
1661
4610
4935
3347
5686
5509
2341
582
1768
489
5033
2564
69
1769
2331
4867
1715
604
1841
922
326
3814
2761
5526
2958
2567
4733
4380
397
5198
2674
3298
3220
2193
3396
4796
2343
2072
1575
4521
1622
5533
4762
4546
1350
1172
2809
1065
3514
369
1022
5236
2569
4896
1348
2881
1700
869
4463
5240
3781
1359
429
3894
2883
4788
1478
3109
1976
5652
5548
4420
3055
5283
1429
1817
1558
3390
1981
4766
3993
4003
2704
1534
92
2753
1720
943
4426
1155
3539
892
4486
2708
2392
513
4656
4379
484
1292
4330
2843
4649
3780
246
2686
1056
1077
4841
4793
2289
1121
2255
4456
5342
830
492
3335
1039
4518
453
3597
2295
3461
3234
1396
2253
2772
1253
958
818
192
1074
3639
2396
3419
2039
2971
1105
2951
4489
4987
1750
2388
3593
4237
1916
4345
2378
4338
1316
3888
473
3977
465
4567
4575
4521
5518
3660
2783
3337
3934
2363
678
1758
3835
1668
5240
4074
3263
2745
942
1042
1548
5177
5461
5197
1286
3866
1363
4824
553
5524
369
2175
4500
4268
3075
3126
4645
37
89
2766
2417
2794
4881
2201
4923
33
2613
1582
2657
3442
3274
3263
4515
5582
2135
3118
1142
5135
4560
5476
4535
4474
5558
2410
4918
3586
3095
3832
3601
3044
1594
1191
3970
2991
4176
1828
207
1143
2416
2378
1137
3247
4551
4195
3920
1790
4692
1325
1555
4594
3265
1430
4001
5042
4094
1472
2720
2812
2240
1426
4295
3924
5403
400
630
847
297
2658
2267
900
3600
4828
31
5211
4645
4142
1891
2177
5510
4913
2049
71
1601
1768
1023
2860
42
4398
3035
448
1261
4645
344
5407
1822
632
4040
1761
4571
4345
1106
5462
3044
4655
3015
2235
4613
966
3418
3810
1440
749
4539
4572
868
2204
5153
4315
3910
735
3950
441
5261
502
293
2521
896
1627
4848
2556
3188
783
1710
130
464
1565
3689
1148
5361
2427
1638
5136
2466
1952
241
2926
5446
2968
5024
2492
3681
1742
149
5119
3989
4160
4329
5372
3930
3613
2356
5608
3123
276
3062
1426
1884
444
4110
603
3515
5081
4550
4469
3101
3461
4502
2768
828
2173
764
791
5229
749
4026
860
3746
1441
2499
3821
2752
1369
291
714
2998
1705
1728
3887
545
984
2059
4816
4814
4719
3258
2838
672
2483
1828
1293
2442
1691
2279
3106
2882
2091
4687
4914
2492
3192
1276
1935
1849
1502
2220
2099
5415
2894
1446
1329
5426
3643
2168
573
5214
4373
3933
4202
4126
685
2245
2599
5696
4367
2073
4
641
4677
2305
864
2350
677
4386
201
5153
3702
4777
5505
3823
4248
4997
2159
3556
5027
586
581
3404
2072
3917
498
435
5235
3437
1903
2896
2056
3589
1916
4646
3302
2349
4416
5605
5041
5223
1817
1209
4513
4831
5381
629
5684
998
1589
609
5046
3756
5510
1714
4203
1999
1977
2604
1460
4631
1641
3684
5642
2872
5480
3684
4042
2468
533
253
2637
4748
4921
4719
2465
3656
245
4818
3291
4703
4044
3657
2145
2253
4618
5467
4756
4032
2907
3289
3688
2431
1193
1077
1509
3993
2168
3231
4417
4882
2537
2522
4918
4452
4098
431
3172
4742
1013
3816
4762
4545
1768
485
255
5305
4749
4063
527
4137
1116
2250
1995
5234
4761
2993
88
1633
3374
2309
5397
2865
4058
5082
2751
745
1972
4462
3034
4785
4516
1032
3878
5552
5034
1407
4549
1205
1558
5183
2937
1221
981
3568
400
2040
716
1082
1156
2023
1728
642
3139
633
1270
304
2000
5446
3427
1324
1963
4139
252
3277
3268
4621
4050
1010
2411
2131
3382
3811
5196
828
3568
4839
5688
2087
4264
916
3507
4880
4891
968
1799
3631
1472
4155
1913
2890
480
4575
2794
4883
2662
4959
4290
3532
3290
5288
5044
4897
4762
2308
5058
3087
1712
5586
1416
3348
2123
4985
2441
1289
3791
3618
211
558
2228
2182
2508
406
3117
3420
5453
1608
3809
4492
1303
1200
3750
1152
5472
373
3028
2146
5538
4916
923
207
4262
3451
2637
3798
2466
2313
4070
2075
2326
4789
885
4014
4295
379
2227
1518
3454
2922
1583
385
828
906
1880
2291
1426
3276
3099
1774
585
890
3721
5242
3255
2989
3337
918
3939
4178
3423
2077
1557
2836
1032
861
5562
3636
3715
848
5095
5534
5233
4069
3560
4641
816
5356
2534
4034
1815
1728
4611
4333
3676
320
2616
3064
3063
3544
2133
5418
5151
1674
242
55
5262
4776
3044
1487
2404
4101
2639
20
3109
2166
633
1508
1880
3791
4877
2680
3828
4185
2556
3790
580
2311
4147
1730
3561
5538
1117
444
4042
3883
2759
1805
4353
1305
1994
5690
2503
5190
2838
1034
4134
3224
2365
5573
2309
1417
3977
5548
3855
4134
2085
965
874
1004
1470
708
1591
2631
5146
3906
4869
38
1787
3293
1933
436
1580
4430
5196
2476
3013
5472
5133
5598
255
2581
1757
2862
5111
292
1901
3605
1639
4001
4426
2521
111
862
1380
2099
2540
660
1078
3310
806
2435
140
5275
4253
5561
858
1585
4114
1230
3976
3155
2865
350
852
4579
348
2129
73
2713
4803
173
1290
5687
3066
1593
5614
292
3427
2868
3171
3025
1520
568
640
873
1579
2175
1158
1488
5324
1970
3137
1227
1042
70
132
4380
5609
1309
591
1759
1962
3764
2478
524
2245
3595
1308
5423
5533
2594
1062
2031
2302
4663
768
5232
5677
5383
3131
4405
669
4311
3499
3646
3831
2490
1477
4756
3155
1762
3889
3559
4051
5696
390
4234
1695
2919
4119
1033
4251
1133
2134
5410
3974
869
1149
2451
2210
1615
87
4914
3344
4696
1918
5391
1716
1146
3253
1876
5697
1044
1382
1196
1314
1112
4871
272
154
1009
1661
4743
1046
1221
1490
550
5695
1398
3738
5063
5383
4459
4230
4591
2317
5635
4312
142
5065
3188
4539
1288
1503
4165
3620
2699
3355
227
5050
2332
4604
3799
906
3966
4887
4313
1771
426
237
5127
1267
889
3151
4405
2036
289
2236
3176
2137
3464
3526
1277
3550
2813
1208
2480
412
950
2960
5621
2483
905
1293
2702
3487
3222
4642
2844
5416
1463
1302
1644
5305
3534
3960
921
3820
570
4255
2634
3655
1997
3716
2738
1730
2867
4385
4106
3694
3218
1783
5388
3014
884
1254
2670
5661
3195
4027
2712
2493
672
1652
5545
4852
452
2074
3216
2064
845
2359
3931
2835
5413
4399
1389
2352
1921
3434
1538
5085
2884
4373
2095
2595
4030
747
4671
5591
2526
5389
482
174
1587
2605
177
1225
587
1484
2738
2563
25
2088
5672
2478
3862
250
1748
3177
1992
5170
3524
692
496
2332
4066
2416
1717
4120
559
3220
2633
2396
4470
2353
2650
1576
139
103
148
345
2778
1555
4892
1155
4311
1834
5187
3212
1646
839
5372
3453
3886
1488
722
4984
2310
1013
5343
3686
4323
3521
5284
5187
3174
4372
1319
1404
747
442
4490
1072
3352
3876
2135
5030
5482
1997
5305
803
2604
4844
2732
3942
4508
1453
3529
4479
497
1716
3343
3466
286
5283
5612
3042
3345
1230
3746
4552
4966
2414
1980
2350
4086
4652
1082
196
2147
2890
2285
4599
4947
4209
4203
2574
1339
2549
4111
3873
5284
2366
5535
899
1238
4638
3564
5302
690
1735
2701
3566
4175
2123
5484
4212
2713
2275
2207
5577
2937
1789
671
1885
251
1873
3705
4383
1146
4798
4802
2398
133
1058
1097
4762
2485
4844
1463
5474
1730
3049
3168
2335
829
2818
4055
2248
3149
257
4242
48
2759
111
2939
5075
2540
3209
1456
5151
2151
1955
2604
5404
2787
2937
4072
4470
986
1671
3388
3610
1160
5080
1780
3701
5174
4533
56
1709
2953
4347
3515
2777
517
5075
526
3560
1549
3346
1842
4731
4320
1746
2738
1337
2942
2915
3529
1007
2161
1969
3825
5125
3950
120
1116
4233
3864
3831
787
5684
3580
5166
1046
1700
1537
447
4158
5294
687
2004
3230
257
1668
2246
1347
4938
5516
4809
3062
3097
5155
1640
4975
103
5409
1878
3027
5165
5492
4823
4909
3207
4607
4414
1473
1925
2980
4401
5284
1960
1709
3016
1271
2510
2665
1843
983
1020
2268
4630
152
3719
2574
3780
3250
3950
5292
4952
1727
2323
285
5188
5413
1903
4461
3815
2557
4734
183
1560
2381
784
5158
3312
844
463
3767
1285
2542
4336
4810
3496
4441
2585
773
2335
2627
823
942
980
2060
2937
4979
4339
324
1260
2729
4046
4112
2189
5609
1329
1236
2134
1914
2646
2120
5205
885
3630
5146
1001
437
1361
5161
4604
1904
1831
3138
2616
268
2142
2248
1477
5300
1813
16
1461
5419
147
2
3007
184
5656
4524
5635
4245
3468
1547
1656
5554
5131
4184
5623
2721
748
2071
3405
1486
754
3005
5546
2152
727
4213
3677
1731
4328
1877
1622
3806
172
4306
1407
1954
2914
3935
988
5445
1200
5411
36
4429
1722
4769
4748
5475
2756
70
544
2943
835
4336
5697
5198
2092
5612
4741
1364
3497
5318
4706
2868
4751
1287
1646
5631
3785
375
3718
2681
3805
289
3674
2423
1451
90
59
2105
4408
2728
3333
1332
2067
4251
1839
5212
5423
2636
5057
5304
3567
4669
385
3719
4930
1515
3988
4683
1081
4152
1637
1977
4463
1048
4236
4267
3153
4675
4963
550
1531
2291
5361
5104
3776
1704
5136
2266
4542
5219
4833
4492
145
1464
1284
534
796
2808
5328
2847
5490
2042
1059
3350
4800
4918
580
402
2324
3973
4978
3236
3329
646
2721
2943
2315
3394
2321
2190
3559
2069
4215
300
1602
884
1058
3728
4929
1886
1544
5426
978
3072
2980
2998
5503
3821
793
730
418
3976
922
5539
4766
3212
3718
4874
1342
60
2336
2272
4043
1315
5051
4918
1363
3142
1475
2659
5278
5439
3846
678
4822
456
1449
197
4840
2113
1976
3933
4060
1296
5543
1148
3852
5355
4562
5006
4826
5413
5130
2270
527
382
4917
4359
3095
5585
2651
2613
4240
3745
392
2919
783
1178
712
617
2107
5495
130
1665
4548
4450
4745
5525
380
5052
4313
2587
2398
5254
1492
4166
3497
4581
3773
1342
266
3033
3878
762
1598
5599
1071
2318
162
2633
2638
205
5369
3024
2152
3909
3442
5135
1791
1786
806
889
4362
2027
2845
1920
2031
4113
3966
4424
4313
1966
5128
621
5353
356
2590
4041
4
4200
1514
898
983
499
17
5693
4833
3117
747
4262
360
3298
3173
1672
4198
2563
1331
754
5259
1217
1808
81
2372
5606
49
3786
2834
1462
169
823
2107
2467
5130
4687
1804
1056
3790
2274
3181
2869
253
4374
5589
1347
5297
108
712
1025
4597
2246
739
4840
3557
2073
1835
175
1518
17
727
5259
3512
3775
4989
4957
1726
2266
4992
1296
4780
2744
5602
3997
4587
3334
1108
1317
4970
5536
1745
1368
3182
402
1111
2501
499
1313
5620
2665
2071
1093
2703
830
5302
2483
932
2644
3240
3876
3119
3874
3395
1836
4853
2817
1313
178
2636
5336
1383
3253
2918
3842
3819
1963
4538
2720
3570
3561
379
601
4340
4866
2226
4346
3859
3942
3874
2715
1641
822
2381
2211
4543
4311
3598
795
2379
448
3638
4299
3102
2102
2640
284
3544
2073
3170
4874
1817
4334
2976
1582
5115
5593
3616
1388
5274
112
1216
2635
1115
4075
2033
3486
5261
4529
7
2517
682
2814
2116
1584
4248
620
2152
4993
3577
3807
532
5448
546
2950
2760
3114
2908
2918
3742
247
2076
0
3109
4036
4535
2528
3485
948
276
5491
3809
1168
5
1192
409
1827
1926
3102
3489
2746
972
1093
350
4520
5050
2852
873
3450
3254
103
1989
385
2235
2109
2655
2755
5112
4332
4899
142
994
5362
1783
3459
553
4261
1114
536
5305
311
4176
1877
1635
73
5209
5320
4816
2612
5575
89
818
2974
4916
2351
2813
133
4693
1199
3620
4009
1051
4098
4044
1911
1961
1289
1487
4424
3480
1639
182
4861
2323
356
2223
711
2712
3992
4827
5640
4101
3968
5389
3146
3765
4497
5686
2954
4534
2916
1485
3825
3972
656
4273
3950
972
4872
2526
831
5474
3850
692
3023
3489
3593
5687
1620
769
3768
3865
224
4874
4808
1859
4617
778
2019
4271
5071
2327
630
924
4934
3854
1465
1002
5279
3335
5247
3744
4266
3723
4606
3308
3571
85
711
5486
4674
3566
5393
4595
5676
4437
3731
669
3058
5660
1393
2415
2989
2686
4227
2918
3619
2418
5398
3997
3138
1440
5294
1848
2073
2573
2824
4943
209
1605
4286
4386
4067
1707
2664
2332
4668
2711
2822
14
4565
1373
5147
3265
2129
3313
273
25
5159
4568
5112
4866
3959
2946
3996
2214
4768
4048
1763
4331
777
1382
650
4816
324
5621
1332
1772
1299
1875
4628
4796
3648
2098
2805
1837
3593
1487
3335
2526
3884
1686
2809
1596
2220
2783
3212
862
468
3296
3402
4551
2302
3438
1844
126
2055
2785
363
3594
5410
468
3055
4291
3040
3376
4062
1428
1416
2268
1063
4080
2517
1284
3914
4566
470
2634
249
1652
1239
2589
4827
286
5412
3779
1223
1146
1986
4396
2468
650
4657
3542
266
1901
310
1930
4834
2779
2946
4107
3290
3803
4437
1688
895
2464
1354
556
3343
1235
768
2853
3890
1390
3182
674
5240
1551
3622
2995
1108
3272
2084
5700
5365
3061
4109
2169
5447
5031
764
2145
369
3835
605
2110
1119
1360
586
3882
749
49
3693
1713
4352
264
4171
5646
3611
3558
1831
309
4338
843
4532
4919
2074
5127
3437
4938
5193
2959
2016
3959
39
804
2572
667
3516
3520
1252
2132
5654
367
1796
1732
2837
2208
3034
4304
4070
2659
5674
538
4117
57
2278
1895
3732
4367
3039
4423
5610
3109
2485
132
5441
5691
4271
5141
1005
1856
2372
2992
1439
5116
776
3949
4644
3537
609
2612
1463
795
5634
5130
317
4493
4756
5643
1565
5608
4425
5500
5008
5295
3614
4952
838
2149
2609
4676
3967
5173
5059
3763
2284
4152
4731
2691
3334
205
509
707
1614
5116
4050
5499
2271
4443
5205
2341
1063
2424
5530
2810
4183
1450
1844
1367
899
1061
4060
3363
2025
2099
3617
4267
4247
626
3248
3565
1315
4694
2976
3292
3763
1506
4457
4175
1653
3788
1682
3077
3326
4338
1896
4914
1710
2273
3758
5274
3543
454
3655
5029
5550
720
4407
591
4077
4173
2931
1885
5350
1808
878
1706
1645
2693
1592
4873
2311
3464
5009
4473
4134
4898
579
3612
1776
3458
5203
2872
1486
4516
4184
1855
2454
5031
280
1418
1499
1716
3095
5336
5172
2204
211
1133
5620
3650
1049
2248
2161
3366
3251
3858
4788
1244
3796
728
5447
2579
1727
5083
1783
2868
3593
1063
4417
2629
1424
5442
1666
2970
5071
282
2778
40
1542
3587
1723
3666
48
4479
4406
469
2815
377
1424
1788
414
5669
4134
3419
647
2849
4301
2729
5612
1058
2697
1282
1654
2745
720
3495
1872
2993
4372
125
3134
2921
1944
3350
5439
5512
1793
723
3112
308
2785
1200
1133
2081
941
4587
615
3913
601
2837
3785
4866
1427
777
2322
1171
4439
5162
2200
833
1784
1903
1056
215
1742
230
5529
3529
2259
872
4542
3902
983
5533
3643
5433
4617
4816
758
1222
3002
5504
1003
2367
4979
5139
2909
1612
4830
209
931
2153
4242
5134
2108
207
2316
3760
2076
1176
333
2356
3225
1928
1034
562
432
2768
3882
3496
1412
2307
4735
2137
285
3449
3723
2509
5169
3074
3944
2982
3537
3813
5072
4246
403
3923
2073
5105
2589
4402
4038
2270
628
4176
2166
4318
5689
2056
1146
481
2379
4914
3421
3114
2288
4627
1515
1273
3773
5595
1923
2866
4217
3499
649
4831
2926
548
64
547
1215
2551
4844
266
5020
1145
2743
456
1024
2830
3811
2474
3237
212
2094
3327
1668
1851
2903
5412
1282
5427
2543
81
3361
5557
3503
1067
2811
2968
1083
490
1034
5694
3026
387
3760
5414
3725
894
2012
331
1103
4015
3626
4814
2894
3157
4062
95
1415
119
3432
3727
2295
505
1621
2348
5341
2342
5293
642
4149
5425
4189
461
1449
1060
3930
2205
1750
4210
5287
4765
1629
1216
4324
305
5465
3685
4797
2022
5358
2455
3738
1991
1706
802
4628
438
874
3509
723
787
3363
5184
5590
827
1441
502
4982
995
3177
1996
2973
4369
2875
667
1819
2988
1004
1658
196
1809
3194
532
1944
1797
3845
955
1980
807
4369
5646
1584
1812
272
4958
3720
3667
5181
1221
5301
2314
5349
2752
3277
588
7
4531
138
4848
838
1068
588
3167
795
3136
5046
2862
5434
2402
2466
3372
620
1651
817
1114
1337
5399
2100
3555
2702
3694
563
2306
3756
3879
948
5593
1972
4663
2431
4575
5527
423
1690
4747
748
3228
4647
1146
878
634
741
4371
2001
1454
255
2770
2362
5254
587
5682
3693
5212
2729
4620
3435
3621
5464
694
2003
1597
3996
1840
916
2306
5579
2607
1968
1560
745
2769
3131
5180
1077
4008
409
4597
2740
5546
1728
3331
643
4276
2865
1770
3509
4146
3858
2520
5598
4007
2496
2553
1786
4663
3848
117
3658
3186
1230
1972
5383
397
381
4897
729
2876
5265
5383
3965
4314
1579
3137
1641
2804
4150
4564
5608
4521
756
4222
2800
201
3644
1104
147
4971
2472
2080
2328
2055
3144
2822
3336
3374
710
146
2425
2489
2391
3867
2437
4385
2583
3431
3977
4739
4023
5216
2256
3644
3537
622
859
1318
2635
807
5618
2064
3313
5676
5636
892
2042
525
2557
1493
4874
5273
2407
1027
2028
4086
1155
2914
2267
1919
2437
4716
296
2702
42
2484
344
2170
5050
154
125
3362
476
3910
4072
1717
4050
1783
520
2139
1575
505
385
1160
5327
3945
4718
4510
2786
1576
569
2884
2739
2955
4037
2390
1265
431
4974
1276
3725
184
3437
3725
1890
1780
5592
1065
601
420
3235
2599
4694
646
5280
3870
3565
1776
3950
809
1226
4038
4178
4785
492
4694
760
3093
4796
3116
4991
3288
5566
5156
4160
25
4364
2539
3436
3688
5576
2830
773
4376
4717
5614
4136
3461
3908
2460
4500
4045
5122
1945
3625
5000
3301
5515
5270
3492
5409
2288
3040
3975
5227
4327
1208
3056
3632
666
2371
1849
1040
4512
5190
2170
597
2545
2700
3162
4073
1057
1620
4660
5281
4154
3257
4090
2930
2708
2268
1930
3246
1241
1159
3706
1392
3348
3156
1729
1724
1031
2946
35
2143
4685
2638
1723
3400
5045
2633
4673
1290
4558
1596
2620
1271
3247
2445
3842
4400
431
187
715
4494
507
138
426
3666
4010
4856
1795
4436
3464
2269
3239
770
278
2700
4246
4121
1736
4340
3619
1638
3712
3986
1499
3202
5380
621
62
760
5659
2755
2217
3951
2050
4700
2155
938
1022
5365
4622
989
4018
4317
4985
2502
2242
944
3898
3790
4885
3146
5359
4800
777
650
4433
1773
2717
3054
3380
4000
1146
4704
2406
1398
2017
1150
708
2963
4517
23
276
4329
5044
1266
3934
3691
1477
1343
3457
2210
3002
4944
5540
1640
2620
4241
2589
1062
4476
3861
615
1800
2954
5028
4507
3701
1380
3855
4307
1809
1585
558
913
3663
5671
5165
5624
774
880
5000
2627
3934
3994
4674
5
1294
1944
2236
3913
3494
5219
3467
1983
4886
5216
1787
1238
413
3822
5299
3631
3192
2122
234
2892
2048
1822
926
1592
2283
3522
2195
4416
140
3639
675
4541
5573
3486
410
556
2519
3861
2259
4696
1843
1703
1597
1184
3480
1997
2324
2145
3029
4072
724
5081
1537
1699
1436
4648
2464
507
5247
3307
4396
3854
3657
148
2904
5268
5583
2566
3762
444
2544
2201
2170
4636
3110
4840
2511
4173
5183
5211
4276
4507
2656
1280
2098
1584
2788
4856
844
463
2204
1100
365
5530
1259
4368
4958
2196
4928
4963
238
5590
2643
5199
2156
1833
5383
2690
3456
1214
509
2190
2402
3156
3119
1289
1793
1512
3197
77
2623
3938
3372
5033
2049
5244
3990
2071
4083
3136
85
571
764
251
5546
5413
3050
3496
4162
5616
5234
121
2389
2861
573
1021
1531
3276
2406
3492
2679
3123
2506
4840
3913
1769
2256
261
4124
1519
3389
5275
653
5448
5432
5655
2746
5395
30
585
5528
1501
4484
400
5656
2161
4937
2371
1256
3931
2176
2016
5144
4318
3796
246
3955
5615
3578
5645
1028
4901
4044
3265
1501
4540
28
484
5510
80
5097
1459
3492
3751
4191
4399
1417
3222
911
713
2589
3179
1769
3113
3741
3799
3032
3870
2490
2267
706
1820
4072
4815
1485
4735
478
4072
2422
5248
702
2906
1863
1988
4434
1465
3871
442
2482
5165
303
2932
4916
2326
1468
692
5389
979
1782
180
3401
144
5366
3175
7
3675
4013
2055
3101
4470
2599
2461
4874
3535
4056
2752
903
3493
3599
5170
3618
1174
2440
4408
2618
818
1093
3585
7
2623
867
2009
691
287
2977
4165
4382
5604
2540
2058
3755
3364
1410
1532
5449
1895
1881
5402
3706
5397
2788
2863
5576
5236
2288
2673
4555
1566
1041
3442
4060
2015
5425
4905
151
1751
2331
5481
4060
1922
3486
3234
2177
4514
5439
2855
3420
2340
5165
5529
5024
1856
5401
3311
308
4433
424
3382
1133
998
800
2108
5659
1050
4799
4586
31
5587
1669
3674
3273
1029
3942
1801
4304
2714
4117
1146
2344
3519
1959
649
2324
598
313
4985
2409
4642
3945
3665
5053
4271
3026
1190
2307
3949
1353
2985
4488
1268
1886
3665
4965
2430
2952
3988
1770
1115
1774
4987
1946
3173
4069
597
5107
2443
4310
3640
633
1855
1223
739
2265
3420
215
5527
848
2786
5115
4937
5260
4146
832
3904
2340
4422
5383
10
3961
2750
1878
3247
464
4394
2366
5109
3410
2406
824
4584
869
3415
5626
1849
3436
4074
2123
1829
2903
999
719
5685
1123
5602
2987
5394
3225
708
1032
3970
1367
1179
3588
5243
4586
2849
1828
908
1257
3397
4062
4875
4280
1887
2419
1687
3741
4468
4112
2360
261
4227
4948
2708
2972
745
4978
335
1567
4671
1289
4334
3793
2195
3361
1873
708
814
1922
1026
4146
1200
4013
2392
2683
4630
3522
4188
4517
4303
1577
4621
2470
4261
3790
2082
5328
2189
4001
918
360
2492
5374
5196
498
4626
3325
4959
2805
995
3866
3042
1788
3023
3160
1684
1458
410
3825
4872
3455
1845
4529
1786
5275
1565
1257
1526
4070
4597
2940
3596
2952
5139
2559
634
1021
4216
5144
4891
2931
2143
476
1194
3287
2972
1917
804
370
3385
353
5636
1010
3307
1418
5089
776
3404
451
686
5028
111
917
3955
3872
3780
5204
1823
5697
1848
3180
5501
582
832
2619
4823
3329
3218
3779
3648
1403
136
3590
5380
2711
1270
1997
4405
95
690
3530
4007
2839
228
1735
2519
1351
4650
1120
1398
61
81
2766
5561
3392
3664
200
345
2342
2672
5228
2519
3527
4158
1015
4535
1425
4096
4990
1725
1507
1522
1360
3486
5547
402
4607
2924
5623
4422
794
5549
2896
2799
3964
3113
3575
1157
118
3902
842
5142
2813
4179
4872
4205
5414
260
2303
2185
684
5240
660
1132
612
1851
3054
2004
1264
4341
1130
5534
5656
5021
5558
5450
1314
3611
3876
2893
4377
4033
1086
4801
8
1746
2811
1491
482
3771
3515
1188
1006
951
845
2819
1710
2234
1205
2549
944
4844
1210
3213
597
3176
3022
4386
1100
2178
1662
5664
2034
1395
4270
4573
1210
4496
4598
3500
364
4721
3831
1091
2925
1690
91
1120
3024
5629
3080
2001
1584
2481
2795
4700
4688
2253
493
2630
1041
554
4226
658
4121
1163
2217
3520
3937
2810
2017
3276
4389
3478
3442
3075
2949
1870
4344
1665
4157
4171
630
1214
1484
2310
1527
4310
2120
4238
3595
785
3220
1147
3800
1792
5368
4647
2745
1738
4622
891
1202
2301
2227
350
513
1766
2481
3204
5507
4092
790
4939
2030
5200
3363
2669
5534
1973
1628
5542
926
3588
4909
3429
5563
4269
5080
4351
2901
3021
4162
450
2696
5442
5414
2845
1864
802
627
4332
4080
2161
1521
1974
2262
5607
1171
1721
1206
4251
359
3226
3096
1118
878
1741
4335
3234
3912
298
173
965
82
5013
4879
2936
2553
1790
3024
3478
4578
4544
2769
3946
1202
1356
4911
1293
5677
448
3501
289
4309
4806
5532
189
5616
3835
741
455
4710
1796
1854
4199
4813
5180
3933
312
5076
3606
4831
4486
2239
4104
519
1111
3370
3695
4742
584
4122
2950
1596
1786
1301
696
5524
2626
1288
4112
1409
5564
4846
4896
2341
5527
3117
1193
1944
311
1601
3528
3313
4408
2435
468
3457
5521
3187
4549
3256
2054
1258
2179
1544
2359
215
3817
4080
5601
1684
1723
5242
1475
1960
3142
5293
5326
2326
3682
5244
2414
941
770
1619
5089
3036
4223
2674
3810
1834
755
148
3832
5399
5504
310
3153
3158
4453
689
5531
5357
524
5674
4658
4834
2209
4720
1744
2471
5027
3991
1719
1297
1956
568
3175
96
2251
638
4620
1792
1245
1386
2810
4860
379
2091
5512
1849
1442
4073
1094
3403
5397
4977
4124
930
1306
142
25
1371
928
4328
3937
5304
3282
3065
4869
3768
5104
5426
5475
735
4706
4775
2210
1244
5163
1506
3324
3159
539
5040
4999
3805
3820
4612
2377
334
5536
2181
1749
3071
4221
4336
4825
182
885
94
1329
1914
5248
5500
1690
2314
162
920
1419
3665
22
2380
475
1714
535
5689
1553
2202
2890
1918
223
2509
2583
3428
2705
3506
2132
165
5281
1680
4508
3851
1499
3145
958
1544
1073
1758
2492
400
3977
3857
2036
125
4181
3873
5237
3281
3764
825
3269
240
5038
1298
1902
3187
166
3002
1584
2136
3919
2274
5083
2896
3992
4208
441
2198
4270
3786
1004
3124
61
5393
2404
3699
2940
3247
1715
2947
2531
2248
3973
4190
877
2069
1325
1747
5171
38
4664
3297
710
38
4365
2648
5611
4192
4710
81
983
3230
1453
5537
2603
3696
3973
1974
2304
706
4794
566
4365
1917
4834
2965
3073
893
2689
4109
526
4351
5582
5407
3864
3512
3992
3054
4262
1076
2809
5466
1132
5681
69
1004
28
5277
5321
5578
5170
1889
175
788
3608
5206
3945
2416
1596
4770
4455
4854
2460
1960
5311
4039
4746
3880
4613
960
5438
1121
2791
5101
5396
5013
4334
2212
1271
3979
3669
5438
4813
1136
4957
4394
454
1495
1764
5583
1967
4552
5266
969
4471
3237
2759
2549
164
4799
1103
255
5083
4145
2332
4981
5506
661
4633
2815
4362
3610
483
5579
676
2225
4855
2157
3964
2090
4748
5412
2391
1052
394
3703
3721
1383
1065
1100
1688
5139
4749
3855
1592
1360
617
4733
567
4056
2951
607
4936
5156
995
2875
199
2941
5555
857
3322
1337
2094
2979
1594
5308
2114
3674
2693
5537
2608
898
2941
3480
1717
1552
5180
700
5587
1126
2427
4497
2307
4525
4465
5429
2245
3717
912
4178
5654
873
1927
4615
4796
5441
2124
3721
4784
4867
2795
572
5158
3713
2839
4739
1844
5032
2807
3834
3640
3306
5118
4745
2353
4058
2188
4562
4831
651
1491
914
4670
2614
624
5323
1970
3983
4316
61
861
5253
2967
840
4796
3585
4379
5290
4409
1370
786
5270
1291
4407
2078
2875
1692
1783
2661
4962
3841
5318
4285
3222
1757
1035
2000
5022
4423
3509
4915
2560
4087
3492
4960
1695
1785
603
4008
3487
3379
1789
5401
4777
3773
2969
3433
861
3613
3684
4583
3782
4420
773
3903
1909
5132
69
626
4744
2097
4360
2591
1059
5590
3631
136
4371
342
4722
3078
3901
4921
3892
3622
3262
3443
4839
618
1557
2599
855
923
2919
964
2950
4912
4180
2421
2810
572
889
4116
3633
2195
3084
5117
4302
771
5469
5559
2597
1944
3174
2390
2129
74
2185
3664
1791
5213
5079
1038
2720
3942
2794
5502
5093
190
5244
810
4385
4224
2617
2492
255
933
2089
312
1451
581
139
831
1985
2037
5084
4014
727
559
5610
232
2822
5022
411
1277
5129
5313
2443
1169
5488
4159
3930
4773
2817
971
895
812
1727
560
1529
859
3839
110
3558
1265
2879
2425
3514
4149
1778
4454
3100
5636
1513
1157
556
2353
2651
1598
4598
1613
2418
1070
1695
1770
859
5363
379
890
4268
4191
3118
4047
5439
1521
5653
5005
1341
5063
3565
1
1360
2186
3760
3623
35
4503
4824
959
4405
3119
2075
3953
225
4867
3356
3002
2570
1358
943
2442
2926
1062
3064
3540
3728
1627
3235
1403
2095
4860
2382
2107
1054
2801
2790
1153
1304
3340
1818
773
3548
988
3605
1129
5320
3727
2818
5161
306
722
5126
3982
1106
5270
4037
1795
2982
2638
1718
1696
1168
1820
396
5358
3877
4838
1279
3447
2093
1537
1231
5672
2759
4020
2104
3699
202
4033
2240
1415
2897
1795
2977
4799
2924
1336
3633
4753
3043
3047
3079
4770
47
4037
5188
572
5386
2254
1260
4763
471
2424
3050
4514
2695
4377
4049
133
4992
5665
3075
2803
4064
5589
3793
3518
4042
501
772
3587
1576
5633
2077
3617
5434
5081
4382
5139
3202
2490
3731
3013
1139
491
3635
1214
1117
5431
1898
5446
4001
1101
2083
5128
5357
3726
4612
3508
4108
2484
4929
1457
3934
1437
3326
2849
4109
775
1036
2251
889
4881
2173
2168
3807
1606
169
1160
2890
1953
1278
5027
3803
3969
929
4118
1550
3696
164
4442
100
3619
2087
1207
147
787
1121
2692
4743
4728
2795
4793
2982
1646
1882
738
5549
1416
3785
3126
3078
369
5158
1757
1579
2575
2374
221
1992
2063
1037
312
4145
572
322
2721
1082
5430
4475
5014
2267
184
1309
1587
2485
4781
858
4515
4589
5486
3884
5522
5159
150
2669
3056
4091
4299
198
603
5345
2559
2741
3825
5249
4612
1831
2158
3595
2130
5091
1442
3060
3120
3992
2808
43
3935
444
345
5478
261
4409
2586
671
2504
4353
966
1162
324
1159
3229
775
378
5323
451
4012
3286
3896
2498
3812
2427
2863
2005
58
4729
2986
1908
4111
150
3446
3052
709
4058
2487
3160
4865
4429
2329
2924
950
3474
1089
3867
3965
471
368
2149
1467
1703
5164
1480
226
4605
580
3453
429
2283
2833
5209
47
4758
5324
5264
1050
901
3525
1928
1541
5491
3899
4304
4429
5648
4298
401
1049
49
2406
545
287
3481
613
132
2471
3342
1225
5329
4029
1727
4055
3492
2646
5301
5143
4176
1004
2243
2330
389
3176
5468
5046
556
1312
2275
1826
1015
5155
1996
4775
2693
5539
3839
1046
3413
1198
5151
3247
2963
3357
4341
155
1369
3809
5075
3807
1498
1161
701
2745
3519
3022
4858
2459
3407
5084
4976
5574
4531
4046
4280
1466
3655
943
1106
2639
4249
2302
2851
527
4435
2221
2495
3600
3477
122
5319
2020
3277
2062
2298
476
3063
50
130
43
5371
5119
4606
4674
2908
2943
3909
750
4840
3846
5120
1351
3974
5200
3920
4913
769
1947
1621
958
2786
4469
5059
794
588
2992
2305
597
5369
3468
4121
3540
1073
558
1665
1505
3760
1006
5415
1474
229
865
887
476
2636
2640
3915
2387
2493
253
2181
1039
5503
2459
4422
3682
947
1750
4665
5463
774
4447
2177
18
4922
1830
426
4073
5615
1519
1665
2474
3501
3703
3442
3086
935
3263
1572
3041
3727
3232
1545
5174
936
2697
4407
1686
5436
2048
670
1093
5140
332
5662
3918
3080
5395
348
3968
2352
2406
4920
1662
1989
4344
209
888
3718
5138
939
4038
2706
2805
3316
3872
4604
2283
33
3198
3720
3772
192
821
2476
562
1332
3152
4388
1427
2967
3512
215
2899
275
5492
3906
946
1909
4452
2292
510
2017
2168
1363
3455
1033
2144
364
4169
4325
3930
1395
5245
786
5046
4953
5090
5125
5440
4110
1963
293
3794
4561
2840
2532
4384
5209
2848
5206
1293
3903
4946
1866
2383
1262
5076
2889
4606
3580
3201
2645
1679
1535
2297
3025
1754
4737
1848
2919
2831
1873
4835
3408
1743
1178
4921
1273
4996
2381
622
2614
32
3414
3001
1658
1093
304
4214
580
5384
5418
5693
5621
3393
1701
75
2200
1292
564
5039
2478
1243
117
1676
274
432
466
3238
4668
770
2420
3958
2852
473
5409
1283
2771
112
2009
1238
1339
1919
281
4354
3552
4291
4647
4912
3491
3918
277
3423
3128
376
4105
3
2308
2605
4986
4797
5072
3049
3430
3621
4036
5027
2297
4982
2005
25
4823
2565
887
865
5045
5273
699
2014
744
3967
51
2311
2110
2003
3125
3145
2400
614
3656
2989
5217
4035
4871
2962
1020
5286
3188
666
3808
3934
1040
4970
5135
3220
2568
3115
1946
4849
1816
1192
961
2572
4044
1260
2500
2621
3523
4679
3531
3183
2188
2590
4069
5675
4195
1893
2970
388
5245
2848
689
2705
2379
719
5227
371
786
1288
3782
3761
682
627
4283
757
3885
1366
1194
1856
1217
2710
5428
5596
4452
2115
1078
3243
2754
1372
3572
1804
2318
4856
2642
108
1932
5023
3777
3862
2503
1620
5359
1651
1090
3065
4662
3614
510
944
2716
5268
5091
3945
954
3896
3633
1248
1377
107
5477
3200
4766
2508
3292
4128
3986
5142
5151
3735
4879
4727
5137
5404
4251
5474
4829
3058
3620
688
1744
4931
5535
5308
847
522
1778
3767
1368
220
2600
3614
1996
1291
4068
2010
5461
4645
1888
2976
3005
2269
1833
1084
2272
1873
2920
929
5229
2562
3277
4585
2992
4198
1
1876
1711
4656
3093
5616
1668
5509
2465
4696
2044
3934
3493
2065
3409
3493
467
5676
297
371
5091
5173
802
2783
1135
1241
3365
4687
4601
9
666
1904
4718
3102
1179
4628
1743
196
2137
3087
732
4413
4063
5281
5399
4862
439
3845
3556
1432
1034
5549
3903
931
1412
282
5278
2513
3026
4939
4253
2861
42
1154
5691
4301
4484
4390
2169
597
2275
5334
672
53
1910
1310
2315
3677
1192
4355
2873
1215
626
4471
5657
5287
900
4631
308
858
1869
1071
295
824
759
3762
5346
4737
2805
2229
4566
4756
3420
3259
1228
1410
1122
111
1929
2726
1802
4568
5320
2961
3212
2020
2835
88
373
2182
3648
1749
5282
4230
2397
4751
2093
44
4191
4456
1568
4135
1810
1123
3866
1385
1896
3895
3221
381
95
5658
5010
320
2716
4891
5610
1579
2526
1153
2811
4333
1728
2101
2934
5224
2672
3346
2061
3131
4633
1601
5149
3034
4772
4823
5684
187
3615
1357
3800
4316
5408
1136
4263
4616
573
3667
1347
3777
2688
4723
5563
4307
1800
1602
2952
790
1872
2497
4318
3814
2968
3797
542
504
901
3760
3136
3470
2629
5052
1224
2962
677
2747
1956
4391
41
546
1071
4564
2378
803
3605
334
4416
1596
4406
899
3268
5690
1497
4418
3813
4698
1007
2072
331
3658
4075
4321
375
3580
2753
1391
3410
2317
3150
2782
4622
2004
269
4710
3325
563
2951
1267
302
781
4811
4296
4803
164
2682
4875
5362
1381
4054
2876
4967
4730
5340
2078
4378
754
3573
2564
784
179
4842
2947
4541
22
3162
2422
592
5288
1310
2577
4766
3230
2804
4943
811
550
2241
2924
1823
1690
2260
5136
5090
1508
1045
1663
2244
1055
840
479
1214
135
1734
2567
4506
714
2282
2299
2332
2575
4451
5199
1170
3667
5588
3829
3440
544
5086
5538
2760
63
3811
3381
4625
566
5031
1036
3651
4684
3912
4576
3247
2302
833
611
5027
5534
5598
2905
4815
3505
373
1539
4855
3102
2776
1688
5270
2131
4955
3258
549
346
3726
3198
2814
5099
3896
3875
5000
4647
1872
4535
1516
5412
3715
5129
4465
1876
4837
2924
3194
2743
2580
4228
1347
3841
1155
3091
3913
327
4650
2249
581
3227
4785
745
2121
4390
4366
1421
4378
3763
3720
4044
3696
4666
1454
2099
3348
5544
559
4798
1914
2703
5624
129
3728
641
4937
4335
446
4678
2760
412
1701
2739
2269
3616
1039
4766
4695
17
5582
1722
2498
68
3374
5609
2347
4328
1605
2363
1235
1608
3475
2513
4406
3456
4611
4604
1024
2595
5255
1183
1292
352
3699
4017
5437
2487
2601
2446
2887
5226
4849
2136
2933
1504
1063
2388
3581
692
2067
4604
2994
5379
4584
2674
4090
244
4859
1154
4996
215
5219
3546
2607
2381
1780
2097
3495
2880
5347
2875
333
3913
1746
280
2200
955
1656
2706
1671
5060
1997
484
1550
1152
3696
889
2731
3850
1845
4257
779
3063
1500
3787
2007
5117
195
5583
5033
5195
2093
269
2753
2643
4568
2560
2450
972
3519
791
4146
1038
3365
1959
3531
5010
503
4304
1857
2989
4364
73
1390
3847
1809
5222
2628
3447
2039
4545
2907
446
2479
3054
2500
2497
5680
564
1810
4113
3315
5653
5017
3282
2600
2173
4934
4956
2662
2944
5084
4393
188
5638
1143
1296
1469
1671
5162
4754
5320
4762
5581
1834
3378
730
4930
182
4655
1226
2361
5576
2888
4838
4829
424
3185
4667
2510
2584
4300
2877
5413
4872
3057
3978
3916
499
3952
2538
1734
5638
1601
1661
5418
1604
3417
4989
1397
1686
4849
2570
1826
5199
432
4952
4585
3158
4895
4986
5227
4203
5033
2406
3317
2564
5498
809
5512
5188
4240
4525
5032
1744
5499
1919
5078
1180
4816
1921
274
4739
571
2031
2110
3763
5699
4764
4883
2458
803
125
3659
433
2229
3910
5194
3912
3458
3414
5648
3122
3876
4761
3756
1474
834
4900
409
646
2542
2968
2440
5178
2794
536
1453
4262
161
1464
1126
5232
3059
3135
5559
1539
2938
1896
4244
3626
5032
270
4598
4628
2475
448
1680
4601
75
3243
3669
2736
526
5557
4565
5567
107
3758
3097
1741
1539
2361
1017
5107
4702
284
4710
4133
96
2302
5505
453
3127
3899
1148
4046
3913
3142
4929
4074
745
3791
5397
4855
5573
4129
1735
476
3954
593
610
3101
4727
891
424
2979
950
3938
2283
3278
5173
4414
999
5503
241
2257
354
4937
755
1082
320
4669
909
2773
5185
5368
2721
5206
5472
5521
4925
508
2714
2959
1416
1806
5525
2801
2266
325
718
4266
3644
1750
4218
1045
506
532
4620
73
3658
2299
5408
5022
2242
2838
2213
5272
2715
3474
1673
4095
4563
1968
2359
3375
4628
5374
3876
3639
335
2507
4175
4216
2213
3043
1024
2299
3011
3157
1543
5445
3378
2159
882
614
3309
4473
291
5036
389
4351
3212
922
3592
1357
4567
5589
4748
2819
4832
4530
2177
323
1280
5553
2945
1381
5210
1501
1284
5559
3222
5260
3158
1579
5368
3932
1239
5106
1849
4273
5504
1649
4833
3958
4729
4702
1471
1016
3220
3742
2136
221
3845
897
5111
2840
1510
2049
675
3522
3647
3385
1830
3586
3305
3197
4859
2915
4246
2020
514
3634
4269
4108
5392
960
5638
1280
1040
4741
4845
4614
1268
1301
1404
5095
5057
4752
3776
458
706
5204
5528
4098
4912
5222
3569
4379
4934
4626
5057
5181
5584
158
4895
1914
924
311
1417
1491
1424
5511
2574
3020
3951
4071
1339
5567
1633
1055
4214
1276
3227
2310
1183
4309
5135
2337
4134
5680
4473
3070
859
2992
410
5458
3348
606
3568
1357
2685
3391
3657
151
932
1738
4780
3467
1001
5117
1018
4316
5035
4115
2660
4062
2071
2758
3984
1992
4511
1355
3566
5170
356
4389
5538
833
344
3931
1656
2577
1305
2391
4701
5654
60
4872
1298
2243
2493
2626
3532
1823
121
3899
581
472
4082
2178
548
4330
1383
5684
2852
5328
1346
5274
3527
340
1862
4986
5571
5424
3646
4140
2279
2251
5600
3151
2522
3248
2228
524
918
3624
4904
1516
4858
3001
4513
2745
3151
2503
3681
4816
5432
1370
900
5491
1670
1851
3795
3871
2309
122
781
3027
239
1756
1437
1602
3733
1074
3765
2996
377
1
3011
2767
3366
236
2226
1190
2295
1561
3524
3332
3468
795
31
5325
3528
2231
5207
1531
160
4257
1898
5140
2842
1992
2555
3722
2722
2634
2087
3556
5532
5335
5469
4202
1982
894
1416
5527
4137
4025
427
2104
4392
5685
5325
4004
4618
2070
2523
3274
1846
2124
522
4525
579
2536
2720
1613
2396
2278
5289
4376
5065
2635
3521
1987
3260
1210
5410
3784
4145
4155
5254
5414
1954
5567
4340
191
4674
5354
2853
685
5469
1
2506
5580
3577
1539
1568
3682
5668
5261
4430
4698
323
3159
639
679
1632
1971
306
3273
4205
1105
400
5637
1626
2283
4573
3522
1149
5117
5444
3285
2965
3569
1416
2755
1103
2444
5440
1987
2971
2137
4031
4388
1600
3461
2753
1499
4856
2524
5246
436
2880
4679
2880
3565
2364
2056
3124
1900
5315
2047
5649
1698
3214
5322
4812
4884
5504
3750
583
2686
1418
2738
3935
2345
758
2889
1946
4446
2648
3209
3359
1858
714
413
794
2152
155
2186
1881
2218
4586
5068
1903
1976
3447
4006
5029
4702
3144
4592
2044
1377
717
4889
1902
4967
229
2708
4583
1265
1392
4112
2785
2320
3217
4052
4309
3723
600
5439
892
2746
3372
818
316
5464
2065
681
874
4586
3044
3638
5043
5276
2797
2847
2293
2213
343
3406
2632
2825
565
2041
4760
5475
3697
3746
5366
5509
2725
2436
650
472
5544
5634
1735
1546
2517
2200
4066
5648
4976
4717
4164
5581
1569
2716
2528
5073
356
4888
2581
1805
1552
5378
4786
2642
165
3657
1109
3616
4244
708
4507
4202
1518
4497
5129
2543
544
1006
4456
5027
1290
3602
1509
550
670
850
3621
4480
4376
5275
2071
2591
2993
1014
5518
2823
874
1130
2427
1237
280
1725
4565
5595
5563
46
1489
2898
3404
4893
4185
744
4457
4963
1281
3795
3356
3573
4446
1864
2639
3389
3412
4857
2873
1685
2492
75
47
2788
701
2226
2611
3312
4961
1873
5665
424
154
4311
1281
4340
2963
2679
3877
143
3766
2458
5533
5199
4505
1446
4185
2486
1785
1276
2265
4906
2218
2935
2126
3792
588
2418
2686
1346
1910
5637
5509
1935
168
1934
5454
461
2547
1908
2199
4658
4702
4570
4810
2127
590
3620
3038
396
2723
4775
3215
5406
997
2961
5415
3625
3095
3256
2255
4384
2993
5456
676
1103
5096
1605
5648
4804
3565
3225
583
1156
3808
3347
3946
2242
2060
1059
5000
1563
4196
5597
849
2691
2829
2835
4184
2053
630
4329
4385
2600
4235
2237
3512
1682
2545
1393
4062
1388
2776
822
1357
3655
4836
4757
1612
274
5615
4491
2074
2415
1523
5164
5260
72
45
5335
947
3835
4440
131
2525
585
5333
1938
2021
1789
3636
3511
3810
2911
3636
3890
2954
5120
2012
798
2312
1113
3353
1370
5171
3671
4480
3786
4988
3432
759
1305
1367
1881
2931
5356
5051
2835
2795
4527
3808
3451
5333
5511
2108
3745
3967
4295
2919
86
301
4082
5273
575
277
5309
880
2074
4900
4549
5437
1185
2862
3722
1950
2708
1304
5377
1471
2296
5645
916
3692
1918
4667
5530
1307
574
3499
5064
2059
435
4324
1349
5637
2535
189
4990
3725
5484
2779
594
2075
3981
2579
948
2754
1529
3080
3951
3343
4157
1010
4527
2341
4631
5018
1749
4297
2025
4595
856
2709
4164
4526
4237
3564
4886
4312
4916
4101
3663
4063
2366
4338
4364
2723
1777
2898
1694
4178
1756
1482
1053
1386
3976
1438
5105
4088
2046
541
1599
4293
3676
4687
174
2148
3452
654
1267
4436
5573
5687
4797
1801
5558
89
952
1278
3148
4448
428
2484
644
2716
1082
2940
1919
587
2753
1648
51
3758
1422
5645
1514
1290
3400
4662
3408
394
1055
4908
316
3289
3104
255
3078
872
5665
2764
3212
1393
299
3820
74
5035
2423
1391
936
3824
436
5271
3006
171
3652
2713
2198
2088
2946
2917
68
4974
3467
1583
3234
234
129
1527
1264
543
4148
1997
1854
5314
5
4087
3311
1803
3688
1279
2644
5627
4774
3787
1321
3938
1667
2014
2664
5158
1712
1825
4951
3450
4248
3051
2543
1468
1180
5104
2671
2322
5188
5630
1160
3096
325
623
1933
4966
4369
3679
1789
970
1238
4680
2960
3780
3997
4769
1004
995
1846
4323
2768
5015
4575
1029
3571
1173
1889
4734
694
1739
1396
3507
328
2726
3319
5035
2815
2854
2466
2771
3765
3252
281
1224
1461
3117
3778
73
1488
194
2225
1360
3836
1732
3928
166
628
1745
5111
1708
634
4318
4859
3750
5364
1220
252
1846
2705
142
4411
140
5004
1764
5057
4451
3339
5435
4224
2172
5451
1242
2900
301
518
3722
113
1845
2009
4872
1196
441
1982
5224
3684
3133
23
5482
5063
2537
2683
865
5635
4585
1410
5486
613
1384
3140
5283
1002
815
293
1005
1806
4080
4321
617
1666
2387
4452
1601
2240
4721
2706
2972
3337
5028
3768
1439
2657
1691
1124
897
2623
2210
5673
1382
4006
3155
1636
4681
3783
3176
1071
4527
4968
2732
3561
4610
17
4010
3284
3308
2391
4117
3689
1737
436
2170
3536
3325
3409
1584
5013
4318
5017
410
1297
3303
4048
2434
831
1972
5262
79
1679
1349
4025
1581
4170
3246
4534
5230
5125
4655
123
3202
2959
3226
3804
3438
3793
1190
127
353
1793
1006
3873
1717
2129
4215
4395
4702
5361
146
1613
4760
5331
3844
2898
4353
3072
1816
643
5347
5249
5085
2287
4840
968
1359
2995
5162
4377
4601
5185
1042
5398
1978
3975
3189
5515
126
2575
1154
1216
3440
999
4704
1864
2854
2908
185
2160
3668
4554
3577
4518
2694
2720
2732
638
71
5572
548
1170
714
3143
3275
4823
1737
4132
3435
3274
258
1420
3975
4130
3902
5444
1197
5662
4434
2830
4149
3685
3205
5061
1719
4142
4363
5082
4140
4538
3455
1096
468
566
4062
4576
4319
5309
4157
4427
1693
3729
2142
4985
267
3191
4840
1892
4419
5245
3798
5312
3721
3703
4041
941
3617
2838
4534
1065
5400
5239
3337
3700
3666
4317
2166
2628
5261
956
3144
345
4522
372
3617
3270
5006
4218
259
1332
674
4404
4528
3725
4540
4024
2721
618
5402
5674
1343
4589
3771
2420
3722
943
3070
4535
1603
1508
95
4315
5649
3875
2346
5399
4922
4449
940
3463
3513
2370
4314
394
2021
222
3189
40
1311
2793
4445
1644
3341
4011
1738
1334
4615
4807
3900
2053
164
2191
4540
3054
2133
3100
1441
4451
5322
197
3740
906
295
5136
4278
2114
4853
3894
5403
3082
2272
1111
223
2769
626
4283
5335
488
3229
787
277
754
3359
3800
259
2173
4768
1255
2583
1632
2001
4178
2783
4845
2032
2211
294
5619
5330
4062
1672
1112
452
947
4045
3993
4106
1743
4758
3471
264
4971
3817
5248
1499
4829
632
158
2221
1480
5017
2086
5250
5569
5114
1446
2715
1944
1309
3873
3556
2959
5489
5081
444
2566
1289
794
4908
2162
4539
1156
1184
179
827
2603
1371
4417
3713
4254
823
3138
2108
1220
3193
5541
397
4523
254
1163
310
4255
2128
3336
3422
3204
4185
2483
2990
2400
4679
4046
1582
1696
2481
2159
2402
4951
2131
2222
4979
1707
4669
1748
309
4593
5604
748
1900
1849
5307
4160
2881
224
1728
1803
988
5022
2197
3326
628
2700
1470
791
1386
2635
2231
2714
4084
3108
615
5683
3611
5337
5638
2566
3529
1005
947
2639
5040
3133
4966
5100
3183
5175
2887
2415
5441
559
976
2029
1749
2621
4540
5610
4070
4310
4083
543
596
5314
1325
2969
2750
2960
5629
5315
3773
5117
1628
1548
2102
3579
5495
4548
2851
3362
4051
5307
4808
3324
297
4992
3500
4430
465
2182
313
5221
4194
373
2379
1415
3765
1491
3132
226
4398
3297
4156
152
3451
5106
2268
4683
1043
2300
3424
3601
5369
1415
1370
3672
3937
5013
2831
3503
4125
4101
4824
3936
1031
5073
4669
3029
4956
1158
2139
1494
826
1329
1486
3343
1869
2511
2002
3134
5107
2909
3327
3385
3838
3424
4920
5014
4655
858
653
1450
5696
4889
2680
633
3099
534
335
1691
4700
1901
2804
4381
2246
361
4416
2625
1507
5422
957
959
693
668
5557
4838
2277
4646
5205
471
3543
107
5111
1665
1654
2288
4473
3044
302
5321
235
991
3529
1915
2949
1395
1011
4100
2077
112
5309
961
4886
2105
4368
4122
1071
1177
270
1991
3412
4367
3165
5174
1350
271
662
4021
3269
3941
1514
407
3617
2137
333
1565
131
2619
1734
4188
399
4967
4928
1105
247
1293
875
1526
445
2362
5585
1446
2959
1036
2435
2183
675
3157
4705
4774
2903
2198
360
4247
1887
3499
2451
1613
1131
4695
2794
243
1112
634
4920
2410
1549
1895
5460
1973
1482
4889
1650
2840
275
3872
2355
646
257
5605
5104
2131
3517
4325
1133
2178
1026
608
263
5556
4252
1768
1470
1763
3471
4
5201
1291
5013
1505
3767
5335
2269
3452
4082
3657
840
1300
4686
2055
4729
2150
4763
3511
64
3290
4152
3094
5438
4494
4983
3695
3866
1481
1650
795
5341
590
2258
989
2414
5019
3115
2312
4192
1068
1508
2328
5152
1442
3475
1247
3747
4339
1083
1957
4106
5100
2011
1633
3983
313
1897
1137
5377
4459
4820
350
3268
5251
3586
1133
25
1011
3275
3719
4318
4319
332
964
611
483
3510
4034
4403
5193
2035
2870
4738
1147
1004
1026
3773
1375
1316
5668
3414
3046
890
3776
3388
1128
2315
5414
4008
1189
1056
177
4422
3855
2197
3002
3658
2723
2927
4819
1808
5074
4350
549
3399
3381
1793
5596
1875
1936
2573
1004
1843
2246
3093
3686
708
2558
3556
1835
1757
1117
655
420
4864
3731
2848
704
5331
2475
1723
4324
5054
5185
333
5424
1039
891
1217
1405
5079
1801
412
223
5467
4080
3397
2538
2444
1185
290
1488
3881
5057
3849
1127
4964
2354
5042
1585
4355
2718
456
4164
5670
2058
24
1259
4175
4787
4689
527
1256
3879
4882
5088
242
1112
3836
269
2524
5285
1545
1204
2824
63
146
809
3512
546
4821
4027
4142
4279
353
265
2804
5145
2948
342
113
3542
3696
5539
4405
3729
4784
956
2304
461
4682
5154
888
526
5349
3538
927
938
4651
751
3915
5294
4310
1308
2734
2379
5467
2563
5172
3890
1046
3808
620
1886
4394
3123
1471
5169
4448
5631
3667
2959
5528
460
1244
4452
3640
150
896
4779
1438
3597
3765
986
1632
2835
949
3309
28
801
2900
4016
1697
5320
1736
4843
5600
5362
958
3520
4463
685
2276
2538
5652
2326
439
4336
1543
3150
868
4741
1759
1717
1742
2065
1764
3218
2602
4671
4146
770
3885
206
530
5263
2810
1964
5243
2936
4313
964
4740
5691
2274
3658
1678
3528
5447
307
3677
3481
4391
4656
437
1670
3400
658
5520
194
3367
2836
859
243
5453
2959
1138
1584
1425
4771
4079
3042
261
951
3256
1219
4978
3733
2178
341
2843
239
5026
4514
879
5483
2921
251
3822
4117
4881
4801
4640
1591
4942
2164
4096
838
2060
5366
5288
161
1737
5665
3756
1931
701
517
554
3697
2319
4804
3621
5138
282
2116
16
1925
5382
461
1
3591
3161
2993
657
4606
1032
491
5645
604
3384
2293
4925
2040
2227
2828
1326
5168
1457
2607
2066
5118
4085
1462
2557
4109
1026
756
5240
2134
5045
2359
4961
2082
1239
18
1235
2275
3470
3118
3234
1705
2628
3443
1053
5175
1959
182
4627
3672
900
1907
1388
3738
3965
4687
1576
5016
2238
5304
201
5475
3400
3081
2221
743
968
2994
5641
4401
4836
1844
379
739
4587
3378
1932
4544
97
2749
77
288
573
5407
1208
3804
5182
131
4231
4927
5673
292
2698
4740
2655
4684
2465
5376
3255
1538
935
245
2972
1170
2273
4493
5041
4072
135
173
2003
5107
3735
3964
3637
636
3306
2405
703
3129
4627
1693
1629
1766
5336
76
1171
5245
4272
1974
4121
4624
352
4698
3307
647
1381
1195
4854
2294
3116
4788
3587
2623
1724
5339
551
3225
3315
1356
1557
431
2409
1401
3556
5362
3942
5065
990
4115
3012
4804
207
4017
4552
4894
2056
3000
69
2114
3233
2093
3317
538
4864
1864
2631
361
3883
1028
5611
4591
1437
4421
5498
1630
101
4807
1202
3099
2510
478
649
535
3517
3107
1243
966
13
2620
1744
2105
5363
1314
4224
3781
1870
2294
4332
3431
4792
2214
4778
918
3883
5251
3235
3903
4363
3419
238
4035
2165
3495
4619
5325
5141
1610
5348
5534
1963
4499
2193
4774
3170
5072
5431
3080
4818
4858
139
377
4126
785
2728
2464
4134
665
757
1225
3807
3630
93
4557
3334
3557
3171
4364
3555
3324
1091
4267
1580
1707
4864
2470
4648
5382
549
1354
1881
4186
1768
1073
3510
3754
3747
5425
1409
2835
589
2626
2409
4840
169
5040
427
4521
269
2531
314
3014
4528
867
1043
1968
2075
3504
2383
1362
5636
3313
5118
3220
2383
2913
1692
1606
26
2814
755
2039
3112
1731
3727
3569
3408
4923
5277
246
127
5237
3085
4362
1835
3286
2042
3779
1519
1047
4988
4050
3499
4802
3897
5566
4351
348
3283
1937
4027
1742
5548
4479
2553
4416
465
2943
2116
1083
4663
1925
4724
409
2648
4805
3627
2160
1367
287
428
4780
4771
3639
3213
3693
5468
871
2411
1753
3135
843
1183
431
248
5445
1070
1396
2960
2109
3094
914
4878
3763
5392
3626
4845
2727
2189
5132
1441
2916
2010
5021
4131
783
4074
4719
1290
2336
2486
1157
1251
1985
2329
834
269
450
4739
2168
2768
2094
71
3159
2573
268
3713
5245
3395
234
3626
45
1430
2220
3469
733
2032
5490
2281
3274
1255
2574
2816
1905
3994
5274
2186
5293
3200
2788
5154
5061
2205
1690
1237
263
2181
5013
326
486
2144
2398
639
756
2322
3420
2777
728
5495
2172
4439
5600
3709
1856
2781
2679
3635
3238
1591
194
1164
2908
471
5584
4799
1891
606
2159
4983
4262
570
2627
3776
3610
4806
2989
1697
743
4957
1133
4880
3931
2827
903
792
3710
4529
1059
880
3819
2647
333
3457
1277
2984
3676
155
5158
4733
3490
5632
5302
262
2491
714
2033
3790
487
3156
891
2725
3078
1555
3025
3700
31
5648
3045
1977
1484
5024
4236
4978
3793
5379
439
2331
4165
2989
5012
3225
3720
1995
3524
2671
809
3850
1867
4133
2277
1167
1168
5661
5665
5141
5656
495
5018
1954
350
1196
4174
1899
5072
552
508
959
3006
2242
294
1292
1749
1626
444
5153
5698
5421
3474
3169
3236
2003
5056
1121
3854
1953
4390
5293
1434
1886
2386
2667
1504
843
2037
5595
1660
3863
4592
75
5640
4693
3637
5192
2263
1925
888
698
4983
5288
2711
5306
3844
4990
5402
1824
3390
1158
764
1658
2663
2133
4554
2254
4308
4963
2493
2160
769
5391
4018
1433
1687
5500
3622
4718
182
3087
4648
570
5368
5648
576
5490
5037
3839
1794
4741
3681
1478
3898
5409
1053
942
4892
4813
2575
5687
1422
806
3982
4947
806
4665
1503
137
384
1546
694
1436
2632
1142
1811
1531
591
1427
4023
101
4563
4653
1694
3594
1987
3568
4356
2940
5263
484
2646
5383
4148
3621
4666
4246
1301
2139
943
2812
5129
4592
3834
2530
2247
545
3128
1055
4985
4912
4248
1533
4739
3680
3641
3661
2674
2780
1105
4154
2251
4995
1102
769
2442
1689
2006
3196
3853
2111
852
2027
4457
1229
4320
1155
5607
5041
5272
3760
5179
4815
1998
733
4940
2213
2130
1040
670
1821
2534
5028
3304
858
198
3925
334
4371
4574
4046
4980
1143
2328
4806
1502
3618
398
2395
4731
2888
4472
3152
328
5155
3616
1379
2110
3284
5515
519
4692
3220
5319
4750
4108
586
5185
1849
4847
5696
5420
2506
796
281
558
2789
1536
3309
2264
3428
5006
3080
4431
4518
3274
1456
1944
1301
4649
4744
5280
3622
5435
2715
3774
2181
5347
3460
5546
2269
2910
3937
3623
4182
5061
556
1002
5618
4488
2864
2518
2042
3349
3998
516
2654
2589
202
5019
307
3050
976
3984
4820
2021
4495
1725
3260
326
4910
4469
4737
4259
5646
2113
1833
759
4589
675
2288
5027
4466
5685
174
2871
1483
5477
1790
2304
3286
439
4101
1407
3920
851
2304
2408
1684
4243
224
5134
771
3864
3219
2307
1724
5512
3801
3765
923
1994
193
3667
1671
501
1682
4742
5323
3143
5367
535
4324
4405
2834
2513
367
4677
3427
5349
1009
3958
2958
1374
5217
4727
2398
5441
1502
3026
4094
5400
3894
3707
3582
3798
1680
0
1948
5506
185
2474
286
5700
434
2906
1932
3459
5421
2388
793
2037
2375
2435
1924
3128
3735
4556
2607
4404
2928
3496
1616
2019
958
255
2630
3320
1979
5448
665
4695
5279
870
3022
3150
2
3016
1371
2276
273
2533
967
2103
3627
2743
1999
796
1525
3641
5068
5545
5095
889
4981
4102
2909
4266
3243
5569
2537
846
1848
5428
1528
5249
2942
3996
3335
2274
3419
2155
1073
5385
1264
1826
5378
3985
4370
4674
3494
2631
1610
482
80
2597
1262
2797
1449
4296
4113
2021
5632
5603
4237
1865
3620
3942
2013
4406
1773
2942
343
80
400
4401
2033
1772
124
2741
4494
3890
408
1490
1973
459
2323
33
2111
1436
839
2308
3953
3420
2412
5
3905
3140
195
4108
4684
4608
709
2661
2387
2977
5211
1913
105
323
3857
2502
278
3742
4802
4529
5367
636
4088
2165
4664
3817
2942
2654
533
2883
563
4124
5001
1886
3733
584
2358
684
3125
3930
1958
2990
2553
1690
1083
3497
4426
5222
4281
422
1802
167
4922
3550
39
749
1938
2258
201
1007
2129
2947
4163
1722
4966
3821
1412
3520
2024
2430
1809
1099
5629
3127
1196
966
5543
3627
4263
4366
1125
3159
404
4046
3711
2162
4956
5247
2367
659
2211
315
553
2345
4061
2514
4156
1913
3365
2809
4362
2990
1968
2944
4513
3019
5199
4367
241
737
3240
4167
719
2939
1960
503
4258
1425
3635
2345
5606
535
2089
4661
4413
5689
5639
2077
4313
4050
1779
3850
4430
4938
2522
1829
4360
1055
3659
5247
4631
1423
649
3910
3092
2422
575
762
2362
5094
2637
4755
723
1482
4171
4347
4149
1420
3568
5125
930
149
3462
761
1617
4404
1739
1638
4655
734
3347
3202
4343
2264
5412
4111
2547
5151
140
5660
567
822
4628
1575
1741
4370
3271
3672
1607
1177
2520
3648
4982
5069
5662
249
830
4155
4931
5294
5115
2238
4333
446
4380
751
3331
48
171
4958
5214
4826
1228
5377
1821
3031
555
3642
3970
4551
2998
5064
1816
3123
4609
2042
2123
862
2052
396
337
4806
712
3055
4680
4635
784
5378
2086
146
133
1324
3581
4734
3904
3226
564
59
4043
104
2282
485
1835
2187
4420
213
5296
1752
4867
4096
112
4756
4698
1500
2732
2494
4940
3939
2554
4758
3241
1379
1672
5650
5547
4416
5128
4495
4121
1732
2166
842
5311
2918
1212
5209
1051
1438
1836
3407
4646
626
303
4158
2489
1362
1990
4984
1626
2649
1860
5100
3245
5264
3415
2736
1362
516
3955
5113
1241
3728
5480
3990
1253
971
2109
521
5116
5510
3987
5262
1768
1432
4616
390
1349
4974
115
1728
1839
5455
3418
3720
4943
2145
4333
5215
867
1752
1510
4504
4408
3989
508
385
2431
4165
1968
4141
995
780
949
2028
4831
489
31
3223
2171
3601
2620
955
998
4572
421
4384
4854
4409
1544
2073
4282
4316
3106
3725
440
4844
4679
1152
1213
2026
3364
5619
5451
571
209
3393
3858
2092
2123
671
1937
4956
5643
822
4203
914
4194
1946
657
1864
1098
3942
4849
2931
5017
5653
3606
3675
361
5177
2242
2955
1775
547
3087
5032
3023
1041
1065
3392
4241
2840
1101
525
3487
4050
3856
5455
4207
5243
3071
3235
5004
2502
2979
4119
2532
182
3953
948
411
5529
1269
4409
5420
3711
4930
2410
2254
2345
4796
5334
3675
2676
2598
2229
2035
5397
4050
2519
5677
2977
4434
3298
1367
2537
73
2245
5105
398
433
3305
608
3352
843
4466
2095
2588
5139
4747
1574
5196
5451
982
2348
5407
4097
489
5215
575
3760
3794
5230
1967
3728
746
2655
22
1220
1245
1661
4372
2673
4478
4186
3030
2735
2165
378
4008
1847
1102
3830
4878
446
2134
899
3890
3408
208
4560
5345
3871
1499
2347
437
4657
2509
1687
3274
2788
2609
5588
1875
688
5007
5189
53
4693
2710
5171
4035
4780
549
1647
2539
1695
5034
4124
1900
1920
1640
4911
1330
2607
5403
4432
1273
2412
1278
4624
4688
4028
2949
5077
313
5517
1063
3844
4763
4094
5357
1624
1280
131
3256
2090
1401
4437
396
1250
3395
2092
1095
2093
1672
5663
3563
3447
84
425
5410
2139
5175
4467
5500
3819
4559
3526
4468
4900
895
4166
19
2697
3352
3581
1547
4896
3901
4952
1117
1975
594
3178
5019
3451
5604
3336
5441
3965
4780
5637
5312
3017
1390
754
4209
5534
2060
5614
178
3635
2611
5115
124
3972
5646
3862
3824
4343
4996
1337
4766
787
3926
4010
3398
5315
4770
751
5646
248
5368
2897
1322
2628
5352
503
505
3598
1200
4065
921
882
3715
4391
739
241
4909
3034
1555
1474
4198
970
4132
1233
4386
215
4719
650
2433
3778
2714
4522
1584
3378
320
5691
3269
1466
1512
1372
1073
4694
3865
2988
1130
2020
2641
3300
4673
188
4206
5654
1056
3009
4358
1119
3101
506
1907
1047
4458
4513
5555
4707
2023
5608
1934
3024
3970
2065
1780
2487
2143
5549
1177
2143
3606
580
1217
4906
3844
1898
2836
4878
3591
5207
619
3026
2834
762
2312
3433
5451
5077
4360
447
75
4063
2687
4939
1713
260
3291
2796
4042
5673
2858
1361
350
747
958
762
193
3504
334
1310
1994
5129
1116
1064
1732
4554
5077
5481
2226
3465
5401
3415
4673
2886
542
1464
662
3751
1979
1104
1371
553
1241
4439
2806
1335
4061
2514
2769
566
265
4438
4188
5516
1287
1757
1270
601
2614
1
1493
2555
2312
3451
2345
3154
452
2842
4926
1406
3907
4980
1309
3398
384
3297
2835
1547
2140
752
1231
914
3015
1084
3003
3942
1166
5467
1674
4090
2829
4565
3506
2851
3697
3056
1536
4347
4193
5637
3800
5080
2879
276
5675
435
462
2048
3217
2133
872
1735
4132
193
253
4820
4473
5276
635
5251
5669
1980
2215
1598
3928
308
71
5103
4306
3228
2506
2197
270
1078
35
4982
2667
1251
1422
1383
3323
820
4608
4128
5584
844
774
5596
3033
4596
2321
934
5500
2824
2336
3504
310
2365
1699
1203
1816
1099
3608
3941
1972
5045
1265
5379
602
4849
4382
2722
3375
1069
5619
5468
5520
2165
912
1681
2244
208
5101
5481
1290
662
1856
1561
1466
5253
5400
4604
5363
249
1156
104
2876
2722
5363
370
3954
3015
5683
3063
1673
988
3778
1410
3075
4658
5259
4855
1574
3928
4963
823
3366
2592
1390
2439
3380
4457
4227
3454
547
469
4677
4213
795
3915
1235
704
5016
4756
4102
2199
1408
5553
5323
966
5116
4172
3347
2863
2217
3304
2007
3956
409
5281
5476
1148
2726
866
2339
4759
114
1391
5272
4322
2349
2016
4405
4272
4339
3179
3785
3693
569
3335
4423
2690
3091
992
4411
1678
5486
2555
9
3461
5676
2070
1064
738
1097
2231
1451
1674
944
2699
1769
4745
2751
3098
4019
3101
3248
16
3633
3299
5030
4148
4765
3777
3239
3880
4669
2495
3078
2140
4273
1819
1716
4868
133
4947
1370
94
2356
597
1512
2982
2807
2000
2187
5084
1859
614
2556
1514
209
5416
5254
2577
258
873
1857
1801
3253
1441
149
1641
527
2566
3337
3283
883
5324
1100
4907
2401
3729
3350
3868
5291
5492
2436
4741
1180
15
704
1396
4134
3989
2421
5675
5681
2874
4315
4469
281
5119
4169
2060
2645
4671
1889
2024
2541
2106
1571
3996
548
2311
3933
413
3783
1096
2666
3601
3101
4235
116
5002
4716
853
5117
1178
1862
305
1964
1493
5634
1549
1776
4324
5575
2966
5593
2664
5314
4688
1474
1792
2543
3591
3789
2934
1511
1720
1685
3400
1373
2099
1181
1580
3658
1695
2501
1809
4053
5006
3613
1158
5627
2515
378
4643
3498
5383
4369
3712
2383
467
2478
1774
1938
1413
4976
2351
613
1639
2652
3161
5369
3845
3684
406
4946
2499
604
5158
876
4055
3985
4654
2405
541
3225
1326
2526
5262
3235
941
2267
2897
549
4890
3831
5565
2937
3358
1474
3022
3791
353
5501
3116
390
3245
484
3981
846
4305
2384
698
1619
4637
3126
756
4415
4287
4634
3666
5487
3568
2291
3575
5278
2523
2219
2915
3447
5080
3846
3765
782
2379
2769
2739
2814
5187
5216
4114
5600
2091
5565
1705
2938
1775
708
1767
1889
1350
1306
2811
5468
3061
4300
1777
5100
91
2279
233
1007
1873
3804
818
2254
4364
2212
4403
469
4342
2005
2741
3798
1386
4493
656
2392
508
49
4270
2027
1291
1567
209
3174
4192
3885
5659
3969
1294
4989
3343
5598
3426
3993
2560
983
5478
4870
1603
23
2793
930
3753
1268
5478
3650
5229
3417
3538
5237
2001
654
4023
286
185
4159
5495
1257
4402
5007
4304
299
3877
2964
4665
1376
4379
563
2890
2863
3533
2416
3050
4946
4096
4179
1657
3803
1742
2383
4981
184
2699
623
2122
3757
1800
365
1869
4741
4549
77
2038
3799
4961
4626
2690
5547
3166
1667
4271
2173
333
2605
5515
1502
4851
1176
67
4356
3489
3447
2668
1769
1235
1042
1207
3509
3179
1549
3481
3949
380
3035
1650
3485
3809
5164
2942
5090
4996
1483
1585
3272
4094
4489
589
228
4288
2475
1249
4506
2988
509
808
3031
1709
5622
2835
2868
385
41
3755
2478
2813
1602
3130
2880
5374
1131
3761
1780
4708
3274
4610
4569
1987
1195
3212
3123
3156
1699
1319
4231
1262
5260
110
5475
713
3074
2488
4996
1216
679
2152
4925
1905
3952
5088
4830
4967
3507
2593
96
2218
2854
1498
3638
4548
5674
5055
3861
1206
2231
479
1760
4126
2628
1481
1713
5690
3633
215
5473
4486
1835
5161
1283
2148
1401
3460
2842
1407
1118
632
509
345
852
1840
1629
4694
250
1594
3362
4463
4243
1513
1259
404
923
4002
2225
2528
4828
4447
4395
3446
1379
3094
326
2776
3608
1937
1731
5395
4710
5367
158
1700
4827
1752
3787
3049
2515
2417
5498
1154
1725
2879
3017
5666
2418
5042
1055
724
4158
2638
421
1868
5531
2810
3556
896
4068
1319
911
585
355
2355
3067
732
408
5427
3966
1881
1143
2697
5311
2117
1869
3441
1264
192
5317
1308
3368
3129
3074
4284
2770
179
966
1472
3100
4635
3458
738
1282
3633
3218
3447
3937
1555
4835
4197
5275
5189
1591
5480
4853
2723
1793
1711
1727
5557
3879
1458
5353
3164
771
239
709
4099
1070
3904
1624
903
2623
4720
5434
2372
4002
769
5440
405
3535
4696
1963
1364
4640
1271
939
4460
5353
2547
5627
1474
4199
3538
3303
5438
177
4413
631
1131
5032
425
4845
4497
789
2915
3350
1501
4363
677
3360
1437
377
3825
3980
3343
10
5251
1168
2821
1516
3817
2671
3045
5354
5016
4643
2104
4624
1287
1974
777
59
4898
2507
5201
2120
3342
5178
2445
2935
4657
3544
3161
1379
964
4612
2866
2276
3649
3387
272
1982
2385
4938
2589
2853
1209
509
5384
3473
2404
342
1428
4809
4832
2946
3497
3542
4377
4650
4649
291
4626
5015
1597
4568
5643
424
3561
2610
1691
5208
794
5666
1634
2189
2203
1887
5290
5566
5630
3362
2412
5025
3851
3176
4469
275
2612
683
2126
1321
651
3619
1207
468
26
3173
389
1556
1996
2816
2576
3092
334
5395
1349
545
1064
3653
5540
1566
813
4236
3340
549
361
3314
1216
903
1880
3656
3171
1782
2078
3997
5214
1239
1206
410
4478
2661
4133
3099
4259
1685
63
1993
451
2057
5528
4221
1603
3934
463
2768
5060
5159
5167
1620
2808
5389
2290
3934
1044
3782
4040
742
1928
3356
2764
603
1202
1608
2876
4218
4945
1995
2114
607
2934
2654
467
4240
4286
2624
5597
631
2004
2658
957
3133
3690
792
5054
2990
4629
3805
683
3888
2807
5299
5086
5139
4155
5655
3772
3761
3194
3786
3473
485
1781
4403
3649
5403
3351
2002
3134
1314
4016
1391
2444
5622
4710
1138
1777
3266
4052
3602
4757
2097
623
436
5237
1146
3128
4287
431
3461
5334
1696
314
502
4153
5506
698
1487
2376
2473
4169
3439
1077
1136
3289
1032
5061
4491
5024
3535
3455
3366
1040
5258
2623
1006
3020
5060
603
1920
3418
2720
1431
5599
2337
3457
1780
4177
1612
2118
208
4159
2804
2664
3244
4171
2561
4789
1197
385
4675
2444
4006
3049
1125
3825
5462
3457
3976
3960
1508
2877
4550
4057
3815
1311
2560
2891
4503
3834
4141
3402
3437
5448
3743
1796
2711
4682
2805
4751
1214
5224
1212
1305
4460
5177
2833
656
2660
4641
5379
2934
3532
5167
1668
2996
4982
797
1845
1307
197
1976
4130
727
4827
226
1078
3416
649
4019
231
4255
1890
2006
3821
518
3128
2629
2767
624
2018
1994
3207
3104
4280
2857
1134
791
1021
5226
4387
3676
1203
1334
4629
1184
4240
4411
1511
4974
4038
3715
4663
3785
3219
5298
3236
270
1888
3658
5636
4122
5667
826
2624
2753
1185
2066
5535
62
1363
2684
5318
3364
2515
4278
4627
5302
3624
2517
761
4054
1938
1535
1015
88
211
1190
1306
495
1918
4651
2847
3339
1522
1111
4918
2766
3272
2889
2763
3093
3125
2171
2954
4742
205
4375
3038
195
4097
4081
562
729
2467
834
1948
4161
1961
4405
1671
2065
3970
668
3117
3231
2940
3793
2338
479
4355
1161
4475
333
2485
4849
5605
3649
4281
679
1468
4773
3700
2614
3561
3060
669
1397
5658
4681
331
2925
767
5229
318
2319
633
3033
3376
2742
5313
2132
794
423
1539
2086
1793
5362
283
3770
4178
989
2991
1003
1894
4488
126
1938
1803
598
1384
2766
1761
5319
4162
5556
4358
4777
1975
958
991
4507
3481
2647
161
5628
631
5248
5501
205
2382
415
3079
857
4420
3894
3421
5416
3860
5082
484
1973
4391
5568
1824
5421
130
3299
887
2131
3653
508
4118
5338
3722
2799
4312
2794
3014
3140
4149
2860
4840
5485
3547
4483
2619
3004
3776
1520
2665
4444
4186
188
2836
4755
3005
4856
1711
3294
1338
4801
1861
359
1273
893
580
4764
5410
119
2798
1409
5338
5212
571
4135
1604
1925
650
586
5066
5365
3080
5349
1430
2581
3657
3793
2874
4289
5245
2523
4008
613
2683
2667
400
4383
1564
743
3229
494
3300
2920
2623
3204
4013
5116
5175
686
2635
343
2509
4155
3690
2638
5578
1918
2852
5522
2302
315
3421
4298
1875
1286
426
546
5650
2901
4455
1016
1032
5176
1859
5294
5506
5091
802
5266
1305
1623
1935
3342
77
1345
5467
860
1117
366
1350
2304
2557
397
5684
2736
3786
4817
2622
3798
3918
346
5669
164
3669
3995
1953
73
2157
2917
4294
356
1973
2168
3055
3731
5518
1829
2962
851
1815
465
2021
3833
3593
1513
2007
4027
200
2631
4024
1473
4593
4656
3624
3285
3868
873
4781
5127
967
317
104
1863
1959
3231
1090
1305
2514
1642
3519
3791
937
523
657
580
1384
3630
2375
989
2968
4007
5532
3740
1879
1146
3279
4250
3488
715
5383
3174
1417
4812
5350
173
1782
320
2252
2587
1972
3408
936
4546
4941
2664
3485
3888
1603
4553
257
1644
327
5324
3224
806
4710
2727
571
2826
4567
4508
3618
917
371
1917
1536
4442
1430
1244
5449
3548
4409
561
5433
3464
5275
1101
5142
1088
714
4178
1618
3174
5418
5398
3281
5670
3579
1222
1326
5106
1320
2529
1682
3198
4431
2903
3086
3694
2220
4801
3103
3293
1127
1919
5375
1573
4736
5071
2305
4069
240
3678
131
3694
506
5051
5418
3361
3367
8
4931
3872
1672
3933
3680
1465
1589
5457
2240
1393
267
4419
1295
3720
3531
1753
3410
2134
2409
897
1812
2744
3338
5461
3980
5465
1051
2776
790
1335
3747
2340
1367
3248
1117
4409
2170
2532
941
2291
693
260
3370
4013
4079
2081
1642
3296
2417
848
485
2158
1739
1193
2930
1601
2731
102
4466
1538
3486
167
3791
1487
2389
5261
2699
1981
2102
1749
985
1021
1549
1870
3794
2760
4173
2409
910
5061
654
2567
3156
900
4844
5149
2463
4843
3539
2879
4198
4400
321
1346
1311
968
1615
3207
5646
4296
2364
5345
2639
3170
4053
4984
1122
479
4349
3325
3708
682
3979
57
3933
2119
3870
2284
4606
1471
3162
995
3609
1330
1763
3854
3967
2066
5348
1882
2904
562
5555
1194
1224
1864
4313
1624
2715
773
5499
667
2898
2493
3114
2456
661
679
1375
2908
628
4300
270
2429
2500
2581
1726
5483
2603
1514
238
3977
1348
4800
3670
2732
1759
2831
1370
3871
5283
3179
3540
1193
2884
130
1518
3554
3525
4927
2722
4779
4693
4487
1920
493
1850
508
3088
2843
2894
7
150
953
5472
2115
656
2308
4881
3408
2464
393
5222
5542
5015
318
1064
2643
3804
3743
716
2908
2406
5239
5103
589
2150
3771
2196
3493
2630
5559
1642
1729
4291
5134
5386
4418
3461
1564
3372
4783
737
3802
4425
65
1303
5519
1278
4679
499
3741
4615
4460
5557
1465
2477
838
3682
5010
2999
88
3055
5574
4782
5419
4742
1660
3183
2693
4546
4565
4329
2945
4323
1903
2208
5085
4726
1301
1056
493
0
975
3291
2426
1710
2354
4376
862
2958
1665
1878
2466
3378
1647
1200
4728
2064
5556
4696
4536
5018
2280
3812
599
2157
4430
3996
3859
1670
2433
1829
5482
632
53
961
2948
2243
3436
3030
4961
2682
869
1940
1591
368
2647
3547
2265
485
2543
4286
810
491
3839
47
5007
533
4235
4519
1026
3090
654
3213
2463
3280
3373
3899
2686
3243
5668
5315
2689
5159
4311
3120
4281
982
4692
4185
4929
3411
2093
3276
5302
3830
5244
3390
4793
3523
5550
4094
4049
5476
2129
2362
3733
4371
4367
4485
4299
4148
3759
5515
4914
3425
1779
3883
2783
2088
4442
2668
4669
4593
5160
1614
3072
2054
3733
617
5489
834
3212
4890
1356
530
4784
2318
2115
2075
3615
4750
4172
1730
1084
4504
4309
397
2367
2114
467
15
5320
3860
4577
4484
1415
5329
4043
2776
2943
3782
3907
3266
3835
1382
403
4022
3278
822
3242
1240
776
556
1261
3752
5488
2859
5661
2421
4236
1608
2108
507
4837
5489
2960
5372
5273
2837
4847
830
1968
4626
3286
4416
4878
5238
111
973
1295
3193
5489
654
2434
4465
809
3386
5293
2909
3693
4745
828
5086
3467
2033
5234
2426
3021
1702
799
2555
3347
779
3099
5453
3771
163
1115
5096
3708
2933
3027
1553
2108
5101
3640
2685
5379
1127
4097
1059
3186
861
1999
4471
4193
4094
736
1858
854
4460
3883
2608
1443
3559
2592
1518
926
289
5080
2145
962
4582
2303
4807
560
3774
415
1867
2987
710
3227
5099
2642
4025
4580
579
4227
1346
1680
759
1639
3351
969
1675
559
3307
121
5537
2129
3285
2140
105
1848
5297
5308
233
5608
335
4249
1047
2297
5002
698
4569
1903
5108
4532
4540
84
5426
4571
68
1485
4706
5091
4788
5322
2247
3160
4879
318
31
510
1285
5099
4590
97
4376
2201
3721
2165
1835
510
1627
3352
1283
2858
4876
343
2910
3715
150
1280
447
1015
427
1670
1162
1720
1557
2083
3588
3221
5086
3495
346
1802
1725
380
2310
780
1717
374
5117
5681
5635
323
4609
4948
4632
597
1493
977
1639
3894
5108
635
1974
1604
423
3312
3463
5144
2936
4970
1529
4105
870
2459
3972
1489
4085
1779
3813
184
1154
1010
4185
1473
5043
274
5101
4669
2537
2158
4261
1813
2533
3494
4093
3399
1882
1584
1049
1890
1354
3478
1687
5334
1429
5649
5551
3405
2215
3546
4378
3282
3670
3052
4622
4198
1420
2012
693
4379
4749
1011
1546
2193
4545
4686
1927
4544
4266
3070
5416
433
1013
1014
3294
511
4816
2570
4535
3786
1725
4682
2423
5320
5156
932
3181
976
4684
3938
2810
5101
1480
5014
3224
5197
210
5179
1466
4477
5322
2785
3070
4600
1794
4734
796
1342
3600
2608
952
2078
3393
1895
1457
1269
3773
331
3507
5061
2615
2876
2852
4121
5116
4336
1375
3681
376
704
5548
2624
2922
4998
2145
5406
1127
2744
4848
89
4709
4660
5037
3673
4184
819
691
4024
537
650
1212
971
1855
2492
4554
4415
3466
1303
1726
931
1519
2980
277
3645
2376
5482
2406
4887
1103
1102
2697
5149
3785
5693
3000
3822
1669
2452
3951
5445
2973
256
158
3849
2232
4136
4766
1856
2528
2940
3879
3079
4376
3385
5648
2802
4507
5344
4665
392
4371
1228
4905
454
3243
1001
3044
1700
1862
4854
4481
1032
4218
314
2972
5419
554
2567
401
5393
3682
2135
2258
3187
3767
1418
3305
3681
3087
4282
3129
3522
2750
4808
3467
1824
1860
1014
4645
5581
2523
3963
4960
1102
1752
73
483
3353
1680
2007
4996
3435
2167
5352
2355
4607
3590
3975
248
3875
1339
3737
1071
2034
584
4874
467
892
2939
2964
3466
5603
1023
2705
2460
2162
3119
3286
4052
5130
859
409
105
5291
2008
4892
1836
749
1639
2111
1218
395
332
51
94
2806
1731
5635
1050
1392
1452
1898
2671
5471
4526
2107
1312
3017
993
2021
1450
4923
3292
1156
4789
2334
2257
4776
571
5434
4329
2438
956
2442
5096
1309
5653
3623
3105
4798
1249
5147
3669
2647
1062
5166
1553
3114
1898
2426
4782
3594
4086
4209
2035
788
1752
2638
522
4646
1288
2256
3110
1153
2743
786
1726
4966
52
1088
2147
3774
899
1888
1110
2392
1548
3134
5175
3391
68
4799
773
789
741
3021
222
4032
2152
4894
3972
21
628
3648
237
2409
3708
377
2098
1043
261
5592
1239
3099
4473
5656
4129
5443
3659
574
1375
2630
3192
691
292
167
4296
3282
101
2830
2633
306
2861
5287
1449
2639
592
3473
933
3000
2113
4653
1439
3724
3798
3661
2994
2552
4942
4924
496
4980
4987
4881
2856
374
4808
5687
4979
881
2775
2695
4869
1807
5300
3833
1373
4214
651
4132
4441
3293
1893
4662
2901
4757
4633
1867
5229
717
887
5488
832
4598
1553
3656
3733
3989
561
2104
4734
5502
2992
4803
1513
1937
3933
3746
3374
4982
998
1228
2928
1824
3117
790
2169
454
2601
2720
1567
4380
5647
4295
1260
3180
1067
989
1752
1183
508
1784
3202
2857
2812
5352
4398
2486
891
1534
3638
3816
1343
4768
5080
4178
179
4590
1367
90
1322
1220
4920
5448
2818
3695
4047
952
4098
2268
5508
3446
217
5268
3231
5682
35
3490
3419
2776
4533
3419
1861
1416
2054
249
479
4300
1926
5064
4824
1376
3300
4591
1189
5408
2796
3521
741
2255
3544
3694
133
1743
5306
4344
24
4399
2380
4983
101
859
3892
3939
1181
5048
3849
2761
700
1309
3756
1754
1924
1657
5021
4975
3714
572
1129
3171
3266
4926
4330
511
841
1389
1333
1904
2712
5698
860
1643
2874
2935
1294
1911
1868
4011
732
136
4263
2332
4393
78
4637
204
3890
1680
5675
5253
4152
2934
4428
2726
749
2888
4205
2595
5206
4909
282
4319
1574
5612
47
1008
2789
503
3617
4552
2027
1324
3230
1887
5486
4310
5358
5297
5562
1926
919
4795
2245
4557
2987
3701
4711
4389
3661
3959
2746
3823
4130
2273
1241
803
4755
3462
3428
548
3299
4217
2062
1773
744
1291
5144
2312
3673
5001
4918
3806
605
5181
5057
5521
3066
4783
5507
1596
5123
3768
467
4174
4240
706
203
4787
650
4371
193
5628
2563
172
2032
1904
542
5375
2991
2050
2362
4958
4775
1259
2196
2417
2965
2313
3202
2675
372
2102
448
539
2955
1232
818
2128
422
5456
3113
4114
3241
2272
409
2252
3683
5056
5097
17
4156
4479
4003
1010
4314
1630
4451
631
3775
1110
5489
1616
4833
5216
4323
3065
5029
2910
799
4892
1101
424
5506
2038
5179
2704
2622
2070
5431
2790
2955
1352
5368
4436
821
2261
5050
2645
396
2925
4357
3490
1972
2013
1760
4987
3358
4775
1747
1941
2413
4885
172
4579
4749
87
2673
2864
104
4370
4959
2803
186
4737
3494
2910
1365
1358
3176
5131
4928
79
4575
2984
3663
565
4462
1679
3115
3102
2154
3000
400
2658
1444
2756
1839
3048
5523
5300
1451
4579
2335
85
3071
2049
1445
770
2275
5153
838
2971
2596
4565
503
919
4646
4913
4749
94
1328
376
4981
1328
5365
3360
2117
4758
665
3132
4138
4278
3657
3845
3840
4580
2202
917
3047
2916
3195
585
4197
401
3618
2389
348
3370
4683
2632
5557
270
2534
3550
1752
1321
778
5694
805
5347
2090
66
1262
4645
557
321
39
156
4678
503
1105
1818
2603
4819
1503
3802
155
345
4832
2932
170
5645
5589
2777
2036
4238
4247
1383
3926
3898
5373
3913
2648
2296
5393
4147
1436
5638
3184
1534
2688
1307
4995
890
4312
5255
4718
860
381
1072
950
2949
862
2948
994
3294
3068
825
5526
4539
1096
518
4347
5465
3444
729
5569
556
1704
4841
5492
3832
3988
5388
1830
2635
3130
953
267
1741
4039
4917
2438
3667
2811
1576
1128
2411
610
2142
3082
3027
2353
1462
3308
2409
231
2118
4174
5324
3438
5501
4071
2096
4653
1237
232
2279
5314
2761
3196
1263
1763
2293
5031
4701
5419
5469
2935
3602
4040
2860
3907
3220
4241
1447
2938
1177
2520
1450
3061
4928
5011
1984
2427
2731
3588
5339
204
4551
5104
4821
549
3098
1284
4340
4081
3576
523
4291
104
2556
1827
711
1359
1233
3511
3486
2672
5574
2078
1174
236
3803
4911
1493
5237
1395
2565
21
2115
3728
3639
1773
375
5566
4246
152
1753
3277
2003
4024
4814
476
992
4724
4183
3129
4012
3645
4202
188
5635
671
3127
451
4540
778
5129
1103
1656
5672
2175
3894
3980
5689
3729
5229
400
2157
496
4475
617
648
277
3786
910
2811
3235
1235
1132
5125
5645
2572
3222
4968
2592
21
2489
2070
4123
30
2591
458
5696
1286
4386
511
4746
4361
1304
5559
2947
4266
4035
3638
1550
1949
2032
4862
284
3592
306
4466
462
5509
5611
1120
5565
2607
4012
1770
4763
228
950
2454
4449
4779
561
585
927
1822
1235
2164
1995
782
4765
1128
2229
5250
4341
2587
4186
1730
3768
3509
1201
1049
3931
2662
530
1489
4906
1323
5432
3258
1284
1787
4867
4664
172
4943
4058
4216
4028
1198
3411
637
868
1039
4224
3125
121
2714
2708
2180
1785
1473
3356
1109
1255
914
886
2990
2221
2232
2459
1101
1309
2657
3443
5055
32
1402
864
1756
4579
52
1166
4642
3855
2013
975
4210
4613
331
2659
1456
5133
2409
2799
4801
5283
2816
3045
350
3504
4351
5330
4832
4509
5345
2056
4195
4867
2816
1799
3323
1937
1605
2106
4572
4156
5149
3759
1522
1472
1983
5077
4785
2618
4011
369
1375
5432
5672
5651
4223
2601
5101
5129
3841
3564
5560
1948
5281
1758
3758
3128
663
3386
193
4278
1771
5051
4786
3274
76
2756
2133
6
2977
5066
1351
1253
4812
4673
4740
5060
1672
2678
2763
5365
2041
5632
3606
4776
526
5490
1753
594
229
4889
2163
2970
2092
5130
5021
4692
483
785
3525
2233
565
111
1275
1399
2142
4605
2715
1897
2055
1126
854
5198
3507
1837
2995
1513
4076
1739
5623
1182
1196
4656
2605
1516
1949
1323
41
5066
3532
2357
1296
3521
139
2277
631
3167
3444
2944
4106
3761
4292
2530
15
201
1252
223
4711
5241
2912
2847
31
327
5342
4742
4328
4414
1699
1915
1938
4545
3917
5313
2804
1458
4274
1274
3036
3238
4678
3014
3564
3086
1431
496
2069
3672
37
3474
2951
555
3094
2613
3855
307
4385
1963
3009
4016
1527
2668
2204
3383
431
682
2223
4529
2399
2284
2595
1001
2817
473
624
3226
1380
2352
1349
5663
3020
491
1402
3651
1188
3639
2979
2896
3243
3213
3702
90
655
4034
3750
2846
2423
4160
768
3530
5389
164
2420
284
2352
776
509
5628
4455
863
36
2706
4411
2348
2149
5427
608
4617
2626
4571
2670
2251
4603
113
3908
5026
5330
5585
2558
5503
2989
4098
1537
5135
2588
1568
3778
928
3589
3563
2838
869
5584
1894
3757
2761
391
366
3788
887
1840
782
3513
1691
1585
1737
962
1759
5005
424
746
1135
4621
13
2341
2606
5002
1518
1737
3998
4477
1092
3604
961
4016
1475
1993
1023
552
2937
3149
3175
1926
1631
4306
4808
1353
1542
82
904
419
1257
5545
1458
3290
3916
3175
5053
3460
5412
120
1821
3193
4983
4973
4297
4276
580
1752
2845
199
1953
4692
3360
2646
4596
3488
3587
5026
3771
654
4659
4615
1661
1759
2887
5498
1454
2318
4476
2854
133
2430
2629
3308
4450
3606
379
2608
2368
859
873
905
3003
4878
1721
3786
1249
667
643
1368
3696
5545
1283
701
2570
2362
2987
2578
1440
299
4383
4707
4991
3498
437
511
5387
3942
5341
181
71
961
3423
3568
5288
3109
3198
2930
3654
3808
2161
4498
1366
4948
4061
1287
3324
4801
5047
819
5316
2609
1202
3281
311
3674
5131
4668
45
3808
3683
959
5418
295
5316
1493
4800
2873
1074
4886
3580
5377
2276
3794
1559
2500
3125
5216
2752
585
2622
2189
3152
5412
3035
4284
4886
2054
944
4402
1863
461
581
2334
3441
4761
3116
4414
3562
4633
2066
276
2013
907
1452
5149
5436
5512
3327
2851
4320
3381
3276
3821
4129
5597
2772
5242
3310
3155
3426
73
1424
5616
3290
3552
2719
450
3726
5630
90
1245
4586
2468
5556
5615
4849
1019
1304
912
157
1295
2466
167
2854
3282
3569
5489
2696
5666
4870
5364
1965
4760
2030
4180
647
4396
1758
4513
1883
650
4437
2964
375
1287
486
46
4971
1613
3424
3462
4671
1605
1309
2035
2574
1376
1611
5364
1189
4673
2444
5625
2692
5538
5140
2303
5556
1712
5282
4467
2002
985
1383
4336
5404
833
5337
989
2433
4199
3369
4113
2653
1390
53
3871
932
520
2013
971
488
3829
5022
2102
2385
1944
943
260
3277
3612
5288
309
875
260
1400
62
4324
1706
4221
1424
4733
2228
3973
1356
5307
2271
2067
4347
1289
32
311
486
4458
4435
3293
506
65
2638
1565
1656
5251
3822
2438
2833
2682
1612
5189
4500
4952
2422
5393
1909
2642
1620
3684
2215
3012
3339
5410
4754
5649
1831
2874
81
485
1911
557
3202
1963
4783
2199
5310
692
5184
2085
1396
971
899
2841
2047
4100
3187
548
5361
2311
315
3380
2243
2583
5135
4583
1941
1945
4616
5526
2199
1929
529
4939
1773
5127
292
5055
1906
1390
990
499
3953
2879
1736
2669
5677
4453
2272
5316
2568
5590
5361
3013
1547
444
1059
4411
838
4433
3472
1685
1508
4450
24
3331
3532
2423
2925
4033
607
3732
5582
4340
314
263
1573
3773
3436
5126
4064
4430
1020
3967
3354
3999
3917
5100
1553
1642
1795
281
1156
1960
4599
1929
1824
4808
5374
2467
2599
1145
5069
3012
190
5392
1267
3893
741
2868
3131
1966
5383
3597
4120
3163
2351
3000
5241
1688
1794
1358
2709
3948
4535
5328
1215
3895
3121
939
5387
2796
2497
2857
5398
5292
2092
2716
4584
3021
5557
5699
2109
348
2868
3612
3999
166
3810
698
4599
2181
924
2142
2515
4739
2415
2486
2461
3211
2335
1748
5259
4306
873
3307
3632
1725
1396
4515
4945
1892
4439
3810
2672
1887
3811
2606
5463
890
2495
2594
3663
1526
4972
5172
3272
3483
1064
786
1640
2536
2957
1455
2765
2342
1101
4698
2523
5280
5347
2938
4918
5374
2102
833
4518
2182
2827
2013
253
3187
1159
3356
4617
2896
4239
4751
5510
5452
3522
2469
3228
1232
4657
1027
3583
3934
1198
3258
4937
1468
643
4660
1532
1865
4082
4299
4193
2022
1740
466
3937
1180
160
4764
2301
1044
752
2831
2028
897
3588
2809
3760
5400
2957
3224
577
3234
3491
400
3394
1125
3152
4399
3228
5350
815
1460
2794
3152
2980
2403
2202
4821
1785
4530
820
1007
2307
479
4043
2340
674
3960
2303
3755
927
4642
2114
2359
4248
3202
254
2804
3097
124
4992
3997
748
3370
2116
3309
1579
709
627
1450
1055
2636
2295
3799
2267
5629
328
530
3811
645
149
2357
1561
3408
716
1389
1797
1928
1130
3554
1326
3675
3973
4525
933
1792
2520
4715
91
5426
1663
714
2497
2992
1837
4369
5596
534
3104
998
1153
4047
1349
2021
3604
2045
2764
2762
4764
3309
2762
1700
2107
2010
5280
4953
116
5210
3887
1495
848
3150
266
4970
907
2977
1876
4802
381
5166
4972
3794
5551
2469
3847
5263
2992
3278
2604
3498
1923
1628
4333
4013
4642
5174
1233
1750
1414
4182
5115
2122
5558
2006
224
4292
3320
3022
2498
3075
2978
222
4160
33
1361
2124
4763
1410
17
2467
3364
1280
3327
1577
1445
2329
3252
555
535
2780
1832
3090
2275
4510
3963
3006
944
1136
1612
2865
831
5612
4859
1733
2948
1923
429
5226
674
2695
5497
3469
1449
2056
4940
1797
4411
116
5389
1961
790
3745
3046
3781
2496
3492
3886
2413
1223
1619
330
3533
2018
1240
3393
4029
5384
2992
4109
3904
1991
4918
1861
1245
158
5404
4771
3185
1492
1323
1558
2614
2457
4200
1963
1550
4015
4247
3808
5295
2114
4744
4827
3093
3191
892
5022
5211
2013
1689
4272
4947
1722
5561
3951
3941
3452
1126
3092
1390
1072
5332
106
5268
2966
2613
4583
3764
1778
3977
5003
3999
1347
4166
5322
3367
5632
186
216
4660
2138
2384
1930
3293
1636
4271
3614
2144
3378
2363
569
979
1464
4635
1018
840
1327
2640
1096
4417
3725
3372
5600
1822
1099
3933
5552
3538
3583
3054
5187
1423
3541
3068
3364
1073
389
4624
421
2603
4769
2237
1499
2439
4050
650
4016
979
3850
633
4764
2184
2471
4732
234
1524
5372
4574
1304
4982
1630
1766
3983
3040
4969
1331
1521
5412
5598
475
4878
1263
2935
5539
3629
2879
3493
4435
3473
1521
871
1200
4646
3103
3927
3070
5375
2277
5395
4072
4463
4751
5621
2855
2843
2937
2889
3027
175
377
4006
1365
4400
2272
2447
5427
4983
3867
3577
730
5098
2847
344
676
783
5248
2882
4953
1949
2361
4717
4179
5480
4272
3957
4086
3369
779
4826
5195
102
4483
703
4510
394
3430
4858
2345
4581
2459
5407
1446
69
5085
5581
1940
1882
3653
4810
4809
1255
1370
3261
5687
1541
2876
2293
3915
3951
5045
2952
2874
3679
5167
2128
5130
5523
739
2922
476
4028
4618
3239
4385
4977
4296
1905
1254
2956
2697
4739
407
4186
2394
2097
85
671
1937
3106
2402
4648
656
757
3433
1027
2829
11
2858
3788
3571
1998
1856
3333
4269
1212
1568
2478
4206
5018
2298
5156
1754
5451
5424
5379
3955
4435
3855
1516
5583
4070
4315
3080
713
4119
5260
3041
1413
343
726
4709
4318
3117
422
332
4188
1066
4464
837
5359
161
280
5288
986
792
3930
3674
323
3315
2270
1577
2256
40
376
3976
4711
1608
2011
3819
1051
2585
5265
4942
5627
3312
429
4425
5219
1119
5242
2927
602
3934
452
2216
1210
4476
3491
2611
107
2051
3725
4865
3516
4270
1526
5152
4739
2635
5687
4964
3634
5554
5507
5330
4074
5421
143
4289
4996
2262
615
2848
608
3393
1746
3275
2865
5341
5609
3540
5331
1775
5651
4568
917
1789
597
3166
3249
4556
1213
2550
2052
1837
2454
2267
2205
5207
3570
3027
3774
4077
713
850
3975
1735
1275
4033
2715
1977
4836
4570
2297
460
5234
5079
2004
4758
5536
464
5497
3996
231
4878
691
1889
1635
3696
609
3497
2079
2580
481
4377
2011
1740
361
2600
3304
3975
5197
2181
4793
3377
3964
5419
4666
5109
846
2819
4691
1417
2754
3057
5281
3144
623
3895
1557
482
2134
3444
2839
3394
2426
5607
893
4689
2162
1517
4927
602
127
3126
5527
2686
1492
2920
59
412
2703
740
3912
4310
5654
2398
2279
3642
478
294
5658
2508
1620
4354
3825
324
3034
5029
4488
2572
2319
659
5418
2023
4708
3207
2395
3589
4844
1914
1685
5346
2716
432
5136
4071
3421
3317
1449
3761
1972
2568
1844
3610
648
3035
2371
2111
1682
4847
673
1681
2115
1163
5672
3268
4967
5486
44
941
689
4223
2586
1323
1844
3254
3301
5307
3367
2077
317
5682
1625
1436
5675
5366
4272
2976
2836
1643
5596
5539
2305
3555
3307
1458
3380
4386
1663
1326
4619
1416
2355
5575
2452
3185
2374
1196
5008
1872
2788
2951
196
4222
4262
3531
3268
5108
3507
4351
4212
193
4903
114
494
4615
1501
4251
1699
2919
2268
3393
5532
4764
1062
1824
249
10
2882
5672
5114
5574
5515
2073
1916
4430
1572
1859
4942
4148
3362
2445
2096
3975
4242
1059
5115
764
5265
697
5478
2662
4687
1656
1976
5341
3952
4205
2802
2712
511
406
660
484
501
2677
2520
3283
958
3299
3969
450
3019
1890
977
118
1626
301
5423
3189
776
2277
4566
174
1594
4638
1780
469
4473
5273
5579
719
897
1534
5642
2049
2035
2892
2434
955
4234
3749
5550
3419
2089
1881
4619
4661
900
3837
405
2159
200
799
5057
5360
4249
5568
4663
203
4752
3802
2629
634
2972
4931
2693
2024
2463
231
3522
3461
4867
792
3763
590
